17274|2950|17274, 4416, 3630, 8768, 21379, 6934, 25215, 5359, 2950|8
17274|22876|17274, 4416, 23939, 23107, 19865, 12491, 22876|6
17274|15802|17274, 4416, 2155, 25172, 5078, 21130, 15802|6
17274|20782|17274, 4416, 13142, 15880, 3804, 17194, 20782|6
17274|10446|17274, 4416, 21798, 24293, 5385, 18723, 10446|6
17274|14840||Inf
17274|21333|17274, 4416, 9889, 18579, 21333|4
17274|18621||Inf
17274|19464|17274, 4416, 21798, 20850, 10427, 20613, 19464|6
17274|1151|17274, 4416, 25006, 1588, 18540, 17082, 6823, 1151|7
17274|4376|17274, 4416, 25006, 1588, 10652, 4376|5
17274|20101|17274, 4416, 9889, 17655, 12365, 15552, 3872, 20101|7
17274|6222|17274, 4416, 9889, 16906, 2443, 7650, 6222|6
17274|6443||Inf
17274|8387|17274, 4416, 25006, 13096, 23614, 8387|5
17274|17235|17274, 4416, 25006, 12545, 3677, 5172, 5181, 13635, 17235|8
17274|17951||Inf
17274|11868|17274, 4416, 9889, 17655, 22457, 11868|5
17274|15998|17274, 4416, 13142, 15880, 3804, 3228, 11557, 15998|7
17274|19677|17274, 4416, 25006, 1588, 23967, 4364, 19677|6
17274|1787|17274, 4416, 25006, 1588, 13056, 1787|5
17274|5355|17274, 4416, 25006, 8972, 12968, 4624, 5355|6
17274|23293|17274, 4416, 9889, 17655, 23293|4
17274|5490||Inf
17274|19256|17274, 4416, 9889, 17655, 22457, 17612, 7645, 19256|7
17274|20827|17274, 4416, 25006, 13096, 20827|4
17274|3655|17274, 4416, 13142, 14924, 18408, 6583, 3655|6
17274|8715|17274, 4416, 25006, 20478, 8715|4
17274|9211||Inf
17274|25648|17274, 4416, 17187, 24559, 14615, 1217, 25648|6
17274|11842||Inf
17274|232|17274, 4416, 25006, 13276, 6971, 12587, 232|6
17274|8513|17274, 4416, 9889, 9184, 25034, 3265, 26038, 8513|7
17274|18373|17274, 4416, 23939, 1000, 1149, 18373|5
17274|3909|17274, 4416, 25006, 13276, 2591, 3909|5
17274|23901|17274, 4416, 25006, 13276, 7689, 25316, 23901|6
17274|7957||Inf
17274|10791|17274, 4416, 25006, 1588, 18540, 10791|5
17274|18899|17274, 4416, 9889, 21012, 1186, 18899|5
17274|915|17274, 4416, 25006, 13096, 15108, 2556, 13422, 16154, 915|8
17274|17821|17274, 4416, 25006, 1588, 18540, 10791, 17821|6
17274|19442|17274, 4416, 17187, 24559, 16498, 19442|5
17274|18194||Inf
17274|13060|17274, 4416, 3618, 14807, 13060|4
17274|18522|17274, 4416, 23939, 19297, 9124, 5346, 21048, 15353, 18522|8
17274|215|17274, 4416, 23939, 1000, 20716, 22601, 215|6
17274|23485|17274, 4416, 25006, 5807, 11416, 25469, 23485|6
17274|14007|17274, 4416, 25006, 5807, 2710, 14007|5
17274|2505|17274, 4416, 17187, 24559, 16148, 7768, 18222, 2505|7
17274|1992|17274, 4416, 25006, 12545, 24057, 1992|5
17274|18286|17274, 4416, 25006, 1588, 23967, 18286|5
17274|24295|17274, 4416, 25006, 12545, 3310, 24295|5
17274|20879|17274, 4416, 25006, 13096, 20879|4
17274|9341|17274, 4416, 9889, 21012, 9341|4
17274|8721|17274, 4416, 21798, 24293, 15184, 8721|5
17274|24589|17274, 4416, 21798, 24293, 5385, 24589|5
17274|9760||Inf
17274|4298|17274, 4298|1
17274|22765|17274, 4416, 25006, 1588, 24696, 9360, 22765|6
17274|13068|17274, 4416, 13142, 6408, 12247, 5712, 13068|6
17274|7071|17274, 4416, 13142, 19657, 2072, 7071|5
17274|11662||Inf
17274|16338||Inf
17274|24592|17274, 4416, 25006, 1588, 24592|4
17274|19378||Inf
17274|11445|17274, 4416, 14344, 9755, 9397, 11445|5
17274|20046|17274, 4416, 25006, 13276, 10711, 1711, 20046|6
17274|14967|17274, 4416, 23939, 19297, 9124, 16741, 14967|6
17274|15568|17274, 4416, 9889, 21012, 15538, 21910, 22119, 3953, 15568|8
17274|10805|17274, 4416, 3618, 14807, 4164, 2239, 25069, 21927, 10805|8
17274|13929|17274, 4416, 25006, 13929|3
17274|26102||Inf
17274|19248|17274, 4416, 3618, 21125, 18215, 19248|5
17274|24845|17274, 4416, 14344, 9755, 23382, 24845|5
17274|9018|17274, 4416, 25006, 1588, 23967, 4364, 13404, 4488, 9018|8
17274|13702|17274, 4416, 23939, 23107, 19865, 18271, 13702|6
17274|9968|17274, 4416, 25006, 13096, 23614, 3501, 9968|6
17274|570|17274, 4416, 3618, 14807, 570|4
17274|6828|17274, 4416, 23939, 1000, 14485, 23647, 6828|6
17274|2511|17274, 4416, 23939, 23107, 19865, 2511|5
17274|75|17274, 4416, 23939, 5901, 3547, 17245, 75|6
17274|19640|17274, 4416, 21798, 24293, 19640|4
17274|22031|17274, 4416, 25006, 13096, 14599, 18331, 21220, 22031|7
17274|3937|17274, 4416, 14344, 9755, 4743, 3937|5
17274|1105|17274, 4416, 23939, 19297, 9124, 16741, 11891, 1105|7
17274|8378|17274, 4416, 23939, 19297, 10055, 15846, 8378|6
17274|17290|17274, 4416, 25006, 13929, 14093, 21466, 17290|6
17274|20949|17274, 4416, 3618, 21125, 22879, 20940, 20949|6
17274|23266|17274, 4416, 25006, 5807, 11416, 25469, 23485, 23266|7
17274|17389|17274, 4416, 13142, 14924, 18408, 17038, 17389|6
17274|2186||Inf
17274|7197|17274, 4416, 25006, 13276, 22366, 18778, 7197|6
17274|7091|17274, 4416, 23939, 5901, 3547, 7091|5
17274|16589|17274, 4416, 13142, 7307, 15455, 16589|5
17274|10794|17274, 4416, 25006, 13929, 12130, 7050, 10794|6
17274|16506|17274, 4416, 23939, 1000, 14485, 23708, 16506|6
17274|7506|17274, 4416, 23939, 19297, 4241, 21771, 24097, 5225, 7506|8
17274|6317|17274, 4416, 25006, 13929, 25698, 5934, 6317|6
17274|1310|17274, 4416, 23939, 19297, 9124, 1310|5
17274|11493|17274, 4416, 25006, 13276, 23770, 11493|5
17274|19657|17274, 4416, 13142, 19657|3
17274|7125|17274, 4416, 23939, 19297, 639, 7125|5
17274|1995|17274, 4416, 25006, 13276, 11696, 18453, 1995|6
17274|272|17274, 4416, 13142, 7307, 14181, 15300, 272|6
17274|15435|17274, 4416, 13142, 14003, 24371, 15244, 15435|6
17274|17346||Inf
17274|1658|17274, 4416, 23939, 19297, 9124, 1658|5
17274|25387|17274, 4416, 25006, 13096, 10762, 13847, 10871, 19517, 3858, 2826, 12235, 25387|11
17274|14165|17274, 4416, 13142, 14003, 24371, 15244, 14165|6
17274|2749||Inf
17274|14870|17274, 4416, 17187, 24559, 16148, 7768, 1116, 14870|7
17274|14369|17274, 4416, 9889, 16906, 8116, 14369|5
17274|593|17274, 4416, 23939, 23107, 11964, 5510, 7893, 593|7
17274|13144|17274, 4416, 25006, 12545, 18365, 19741, 23306, 13144|7
17274|3052|17274, 4416, 23939, 1000, 5605, 3052|5
17274|16888|17274, 4416, 23939, 1000, 14485, 12334, 18051, 12627, 16888|8
17274|4834|17274, 4416, 9889, 16906, 2443, 7650, 4834|6
17274|8854|17274, 4416, 23939, 5901, 5597, 8854|5
17274|20345||Inf
17274|5464|17274, 4416, 3618, 14807, 570, 8701, 5464|6
17274|1962|17274, 4416, 3618, 21125, 1962|4
17274|3231|17274, 4416, 21798, 24293, 19640, 9639, 3231|6
17274|21316|17274, 4416, 25006, 13929, 9572, 21316|5
17274|11593||Inf
17274|19473||Inf
17274|10439|17274, 4416, 13142, 19657, 21075, 10439|5
17274|14972|17274, 4416, 25006, 13929, 12130, 11077, 14972|6
17274|13056|17274, 4416, 25006, 1588, 13056|4
17274|9098|17274, 4416, 25006, 13276, 6971, 12587, 9098|6
17274|12389|17274, 4416, 17187, 24559, 24814, 24110, 12389|6
17274|15614|17274, 4416, 3630, 8768, 16414, 15614|5
17274|1344||Inf
17274|8336||Inf
17274|24731|17274, 4416, 17187, 24559, 5052, 24731|5
17274|15306|17274, 4416, 21798, 20850, 4846, 7350, 15306|6
17274|5446||Inf
17274|18488|17274, 4416, 23939, 23107, 8045, 18488|5
17274|8592|17274, 4416, 21798, 20850, 10427, 20613, 8592|6
17274|25492||Inf
17274|5216|17274, 4416, 25006, 13929, 14093, 21466, 5216|6
17274|14302||Inf
17274|25827|17274, 4416, 25006, 13276, 23770, 8408, 17443, 25827|7
17274|10235|17274, 4416, 9889, 6774, 10243, 10235|5
17274|750|17274, 4416, 9889, 18736, 17911, 750|5
17274|4896|17274, 4416, 25006, 13096, 20827, 4896|5
17274|23215||Inf
17274|17149|17274, 4416, 9889, 9184, 25034, 3265, 17149|6
17274|18445|17274, 4416, 25006, 13276, 11696, 18445|5
17274|23299|17274, 4416, 25006, 13276, 7689, 5564, 23299|6
17274|17850|17274, 4416, 17187, 24559, 5052, 25271, 17850|6
17274|17015||Inf
17274|17655|17274, 4416, 9889, 17655|3
17274|19603|17274, 4416, 25006, 13096, 15108, 1594, 6838, 19603|7
17274|13470|17274, 4416, 14344, 9755, 21281, 13470|5
17274|13622|17274, 4416, 9889, 9184, 25034, 3265, 13622|6
17274|3200||Inf
17274|2201||Inf
17274|14886||Inf
17274|16779|17274, 4416, 23939, 19297, 9124, 16779|5
17274|12040|17274, 4416, 2155, 13346, 12040|4
17274|5957|17274, 4416, 17187, 24559, 24814, 5957|5
17274|20478|17274, 4416, 25006, 20478|3
17274|25853||Inf
17274|18140|17274, 4416, 25006, 13276, 22366, 18140|5
17274|23306|17274, 4416, 25006, 12545, 18365, 19741, 23306|6
17274|6913|17274, 4416, 23939, 19297, 9124, 2720, 6913|6
17274|10918|17274, 4416, 7911, 10918|3
17274|11991||Inf
17274|22082|17274, 4416, 23939, 5901, 22082|4
17274|22826|17274, 4416, 17187, 24559, 16498, 22826|5
17274|1860|17274, 4416, 17187, 24559, 4135, 1860|5
17274|376||Inf
17274|15559|17274, 4416, 25006, 15559|3
17274|25115||Inf
17274|11811|17274, 4416, 13142, 7307, 14181, 15300, 11811|6
17274|25614||Inf
17274|17751|17274, 4416, 2155, 20122, 14265, 3939, 17751|6
17274|6154|17274, 4416, 13142, 14924, 15959, 6154|5
17274|6904|17274, 4416, 23939, 1000, 12016, 6904|5
17274|9126|17274, 4416, 25006, 13276, 11696, 9126|5
17274|13422|17274, 4416, 25006, 13096, 15108, 2556, 13422|6
17274|8187||Inf
17274|14079|17274, 4416, 23939, 1000, 13469, 449, 14079|6
17274|8475|17274, 4416, 25006, 13276, 10711, 8475|5
17274|19784|17274, 4416, 25006, 13740, 19784|4
17274|4713|17274, 4416, 25006, 1588, 24696, 4713|5
17274|10476|17274, 4416, 23939, 19297, 4241, 10476|5
17274|17306|17274, 4416, 25006, 13096, 23614, 12453, 10004, 17306|7
17274|21588|17274, 4416, 25006, 13740, 25486, 21588|5
17274|11400|17274, 4416, 25006, 13929, 11400|4
17274|17575|17274, 4416, 3630, 8768, 23038, 11231, 17575|6
17274|22839|17274, 4416, 9889, 2741, 18208, 22839|5
17274|23267|17274, 4416, 9889, 2741, 18208, 17536, 7895, 23267|7
17274|8301|17274, 4416, 3618, 14807, 25758, 12637, 12187, 24240, 8301|8
17274|4781|17274, 4416, 13142, 7307, 21968, 19781, 4781|6
17274|16765|17274, 4416, 25006, 13276, 2591, 16765|5
17274|17746|17274, 4416, 25006, 13929, 11400, 11318, 25729, 17746|7
17274|15325|17274, 4416, 23939, 13801, 15325|4
17274|10549|17274, 4416, 9889, 17655, 22457, 10549|5
17274|573|17274, 4416, 13142, 573|3
17274|12802|17274, 4416, 9889, 16906, 2443, 7650, 12802|6
17274|7602||Inf
17274|23066|17274, 4416, 13142, 7307, 3765, 23066|5
17274|4266||Inf
17274|7452|17274, 4416, 23939, 23107, 19865, 7452|5
17274|16882|17274, 4416, 25006, 13096, 14599, 9471, 16882|6
17274|2710|17274, 4416, 25006, 5807, 2710|4
17274|18161|17274, 4416, 13142, 14003, 24371, 24568, 18161|6
17274|25565|17274, 4416, 9889, 17655, 4952, 25565|5
17274|21466|17274, 4416, 25006, 13929, 14093, 21466|5
17274|16955|17274, 4416, 25006, 13276, 11182, 6575, 24385, 16955|7
17274|23944|17274, 4416, 23939, 23107, 8045, 12927, 23944|6
17274|9082|17274, 4416, 3630, 8768, 23038, 9306, 9082|6
17274|14952|17274, 4416, 23939, 1000, 22644, 14952|5
17274|70|17274, 4416, 25006, 15559, 70|4
17274|12512||Inf
17274|17933||Inf
17274|10435|17274, 4416, 9889, 21012, 3409, 1044, 10435|6
17274|2303|17274, 4416, 3630, 8768, 23038, 11231, 18122, 2303|7
17274|21340||Inf
17274|18745|17274, 4416, 25006, 13276, 18745|4
17274|18757|17274, 4416, 25006, 5807, 2710, 18757|5
17274|23880|17274, 4416, 25006, 12545, 5302, 23880|5
17274|3171|17274, 4416, 23939, 19297, 3171|4
17274|15657|17274, 4416, 23939, 1000, 5107, 15657|5
17274|17538|17274, 4416, 2155, 20122, 14265, 11621, 17538|6
17274|19440|17274, 4416, 23939, 3006, 14834, 15793, 19440|6
17274|6291|17274, 4416, 2155, 25172, 5078, 10346, 6291|6
17274|20002|17274, 4416, 25006, 13929, 11400, 11372, 20002|6
17274|14552|17274, 4416, 9889, 14552|3
17274|10117|17274, 4416, 21798, 24293, 624, 16032, 22423, 10117|7
17274|3820|17274, 4416, 9889, 16906, 2443, 7650, 3820|6
17274|21468|17274, 4416, 25006, 13096, 10762, 4814, 21468|6
17274|6073|17274, 4416, 3618, 14807, 25758, 12637, 12187, 6073|7
17274|12849|17274, 4416, 9889, 18736, 20373, 6264, 12849|6
17274|18595|17274, 4416, 25006, 5807, 2710, 13659, 18595|6
17274|17468||Inf
17274|6963|17274, 4416, 23939, 23107, 6963|4
17274|10382||Inf
17274|7015|17274, 4416, 23939, 19297, 4241, 7015|5
17274|4110||Inf
17274|6033|17274, 4416, 23939, 23107, 19865, 12491, 6033|6
17274|8596|17274, 4416, 25006, 12545, 3677, 5172, 5181, 13635, 8177, 8596|9
17274|22927||Inf
17274|15374||Inf
17274|14500|17274, 4416, 13142, 7307, 3765, 14500|5
17274|23759||Inf
17274|5363|17274, 4416, 25006, 13096, 23614, 12453, 20765, 21051, 5363|8
17274|19221||Inf
17274|22321|17274, 4416, 25006, 13096, 23614, 3386, 22321|6
17274|21497|17274, 4416, 25006, 13276, 21497|4
17274|7088|17274, 4416, 23939, 13801, 12687, 18920, 5240, 12425, 7088|8
17274|4525|17274, 4416, 3630, 8768, 21754, 4525|5
17274|380|17274, 4416, 13142, 7307, 14181, 10211, 2912, 21401, 380|8
17274|10969|17274, 4416, 25006, 13929, 9572, 7712, 10969|6
17274|3388||Inf
17274|4247|17274, 4416, 25006, 13929, 11400, 4247|5
17274|8558||Inf
17274|11718||Inf
17274|4625|17274, 4416, 25006, 7264, 12286, 4625|5
17274|6030|17274, 4416, 2155, 20122, 14265, 6030|5
17274|372||Inf
17274|11462||Inf
17274|16742|17274, 4416, 25006, 13276, 6971, 12587, 16742|6
17274|23991|17274, 4416, 25006, 12545, 23991|4
17274|22530|17274, 4416, 25006, 13096, 10762, 21324, 22530|6
17274|15005|17274, 4416, 21798, 24293, 15184, 15005|5
17274|22791|17274, 4416, 25006, 13276, 7689, 22791|5
17274|4259||Inf
17274|12268|17274, 4416, 25006, 13929, 12268|4
17274|1560||Inf
17274|8071||Inf
17274|10711|17274, 4416, 25006, 13276, 10711|4
17274|17935||Inf
17274|12085|17274, 4416, 9889, 17655, 12085|4
17274|25116||Inf
17274|20805||Inf
17274|1674|17274, 4416, 9889, 9184, 17559, 1674|5
17274|21660|17274, 4416, 25006, 13096, 14599, 13520, 22224, 21660|7
17274|24463||Inf
17274|1675|17274, 4416, 20902, 20924, 12101, 1675|5
17274|16475|17274, 4416, 9889, 17655, 4952, 16475|5
17274|9922|17274, 4416, 25006, 1588, 24696, 9360, 18592, 9922|7
17274|9441|17274, 4416, 23939, 1000, 12070, 1736, 10539, 10388, 9441|8
17274|18543|17274, 4416, 9889, 21012, 18543|4
17274|16754|17274, 4416, 23939, 1000, 13469, 16754|5
17274|3851|17274, 4416, 25006, 12545, 2169, 4353, 15941, 16598, 3851|8
17274|8701|17274, 4416, 3618, 14807, 570, 8701|5
17274|11026|17274, 4416, 14344, 9755, 339, 11026|5
17274|20569|17274, 4416, 25006, 13740, 19489, 18193, 20569|6
17274|9488|17274, 4416, 3618, 14807, 4164, 9488|5
17274|10879|17274, 4416, 25006, 5807, 2710, 13659, 10879|6
17274|12688|17274, 4416, 25006, 13096, 12688|4
17274|15880|17274, 4416, 13142, 15880|3
17274|19568|17274, 4416, 9889, 9184, 25034, 19568|5
17274|25107|17274, 4416, 23939, 13801, 1488, 25107|5
17274|13526|17274, 4416, 9889, 16906, 2443, 7650, 13526|6
17274|19380||Inf
17274|5827|17274, 4416, 14344, 9755, 9397, 3651, 5827|6
17274|20783|17274, 4416, 23939, 1000, 23344, 10956, 20783|6
17274|11971||Inf
17274|9037|17274, 4416, 9889, 2741, 18208, 8471, 9037|6
17274|5812|17274, 4416, 25006, 13096, 23614, 23693, 5812|6
17274|6185|17274, 4416, 25006, 13276, 7689, 25158, 6524, 6185|7
17274|3280|17274, 4416, 9889, 21012, 12781, 3280|5
17274|22242|17274, 4416, 23939, 23107, 19865, 12491, 22242|6
17274|5441|17274, 4416, 25006, 13096, 10762, 5441|5
17274|7877||Inf
17274|12286|17274, 4416, 25006, 7264, 12286|4
17274|18582|17274, 4416, 23939, 19297, 4241, 21771, 24097, 18582|7
17274|7525|17274, 4416, 9889, 16906, 2443, 7650, 7525|6
17274|23970||Inf
17274|24504||Inf
17274|20243|17274, 4416, 23939, 19297, 9124, 16741, 20243|6
17274|78|17274, 4416, 25006, 13929, 9572, 7459, 8862, 78|7
17274|7483||Inf
17274|16056|17274, 4416, 14344, 9755, 2654, 16056|5
17274|357|17274, 4416, 9889, 17655, 22457, 11609, 357|6
17274|3310|17274, 4416, 25006, 12545, 3310|4
17274|14385|17274, 4416, 14344, 9755, 14385|4
17274|9224||Inf
17274|22119|17274, 4416, 9889, 21012, 15538, 21910, 22119|6
17274|6183|17274, 4416, 23939, 5901, 5597, 23841, 6183|6
17274|15395|17274, 4416, 9889, 16906, 2443, 15395|5
17274|19493|17274, 4416, 13142, 19493|3
17274|15173|17274, 4416, 13142, 14924, 18408, 6583, 15173|6
17274|11152|17274, 4416, 9889, 2741, 18208, 11152|5
17274|16225|17274, 4416, 9889, 9184, 25034, 3265, 17149, 16225|7
17274|8375|17274, 4416, 21798, 24293, 19640, 9639, 8375|6
17274|25230||Inf
17274|6031|17274, 4416, 25006, 1588, 18540, 10791, 16039, 6031|7
17274|22497|17274, 4416, 21798, 17603, 6700, 22497|5
17274|9413|17274, 4416, 3618, 21125, 1962, 9413|5
17274|3199||Inf
17274|5771|17274, 4416, 23939, 13801, 1488, 5771|5
17274|4697|17274, 4416, 25006, 13096, 14599, 4697|5
17274|23462|17274, 4416, 25006, 13096, 23614, 12453, 20765, 11537, 6666, 23462|9
17274|25447||Inf
17274|12866|17274, 4416, 13142, 7307, 3765, 12866|5
17274|4265|17274, 4416, 9889, 2741, 231, 24841, 4265|6
17274|1621||Inf
17274|16015||Inf
17274|6737|17274, 4416, 25006, 13096, 23614, 12453, 20765, 23476, 6737|8
17274|20100|17274, 4416, 23939, 13801, 20100|4
17274|23621||Inf
17274|9338|17274, 4416, 23939, 5901, 5695, 9338|5
17274|4952|17274, 4416, 9889, 17655, 4952|4
17274|20707||Inf
17274|18218||Inf
17274|19712||Inf
17274|18453|17274, 4416, 25006, 13276, 11696, 18453|5
17274|312|17274, 4416, 9889, 16906, 2443, 15395, 312|6
17274|1545|17274, 4416, 23939, 1000, 5107, 1545|5
17274|5731|17274, 4416, 25006, 12545, 3677, 5172, 5181, 13635, 17235, 5731|9
17274|18895||Inf
17274|12054|17274, 4416, 25006, 13096, 10762, 4814, 12054|6
17274|22177|17274, 4416, 23939, 1000, 24199, 22177|5
17274|5541|17274, 4416, 25006, 5807, 17794, 5541|5
17274|1966|17274, 4416, 7911, 1966|3
17274|4138|17274, 4416, 9889, 9184, 25034, 3265, 4138|6
17274|13615|17274, 4416, 9889, 21012, 9785, 16674, 13615|6
17274|19355|17274, 4416, 25006, 13929, 11400, 22018, 1172, 19355|7
17274|19683|17274, 4416, 14344, 9755, 20511, 18751, 1028, 19683|7
17274|9763|17274, 4416, 17187, 24559, 5052, 10597, 9763|6
17274|1969||Inf
17274|2249|17274, 4416, 17187, 24559, 24814, 2249|5
17274|24477|17274, 4416, 9889, 2741, 18208, 24477|5
17274|9439|17274, 4416, 25006, 13096, 10762, 4814, 9439|6
17274|14130||Inf
17274|15617|17274, 4416, 13142, 7307, 15455, 16589, 21613, 15617|7
17274|2169|17274, 4416, 25006, 12545, 2169|4
17274|1044|17274, 4416, 9889, 21012, 3409, 1044|5
17274|546|17274, 4416, 25006, 4550, 20059, 4013, 23855, 546|7
17274|20233||Inf
17274|25388||Inf
17274|1821||Inf
17274|5409||Inf
17274|1611|17274, 4416, 17187, 24559, 14615, 1217, 1611|6
17274|6012||Inf
17274|5136|17274, 4416, 23939, 1000, 24199, 22177, 5136|6
17274|1897|17274, 4416, 25006, 13096, 15108, 1897|5
17274|9517|17274, 4416, 25006, 13929, 9517|4
17274|23968|17274, 4416, 21798, 20850, 10427, 20613, 23968|6
17274|2754||Inf
17274|21125|17274, 4416, 3618, 21125|3
17274|22379|17274, 4416, 23939, 13801, 1488, 20315, 22379|6
17274|22312||Inf
17274|22831|17274, 4416, 25006, 13096, 23614, 543, 22831|6
17274|5259|17274, 4416, 9889, 18736, 20373, 5259|5
17274|8553|17274, 4416, 2155, 20122, 14265, 17626, 8553|6
17274|7126|17274, 4416, 25006, 1588, 18540, 13328, 7126|6
17274|21927|17274, 4416, 3618, 14807, 4164, 2239, 25069, 21927|7
17274|1234|17274, 4416, 9889, 21012, 1234|4
17274|6266|17274, 4416, 13142, 7307, 14181, 15300, 6266|6
17274|13389|17274, 4416, 13142, 14924, 7277, 13389|5
17274|19356|17274, 4416, 23939, 1000, 4575, 19356|5
17274|16333|17274, 4416, 23939, 19297, 4241, 16333|5
17274|21309||Inf
17274|5825|17274, 4416, 3618, 21125, 1962, 9413, 5825|6
17274|13558||Inf
17274|17923|17274, 4416, 13142, 15880, 3804, 6857, 21853, 17923|7
17274|23809|17274, 4416, 13142, 7307, 7154, 5519, 23809|6
17274|8731||Inf
17274|10872||Inf
17274|24330|17274, 4416, 13142, 11801, 21718, 24330|5
17274|22284|17274, 4416, 14344, 9755, 9397, 22284|5
17274|10822|17274, 4416, 9889, 2741, 15003, 8612, 10822|6
17274|6934|17274, 4416, 3630, 8768, 21379, 6934|5
17274|18051|17274, 4416, 23939, 1000, 14485, 12334, 18051|6
17274|8037|17274, 4416, 9889, 9184, 25034, 851, 4825, 8037|7
17274|18185|17274, 4416, 14344, 9755, 9397, 18185|5
17274|16881|17274, 4416, 14344, 9755, 21281, 16881|5
17274|9774||Inf
17274|7615|17274, 4416, 23939, 1000, 25402, 7615|5
17274|4773|17274, 4416, 9889, 21012, 9785, 20532, 4773|6
17274|13036|17274, 4416, 25006, 13276, 7689, 5993, 23224, 13036|7
17274|3916|17274, 4416, 9889, 135, 3916|4
17274|13012||Inf
17274|24141||Inf
17274|16433|17274, 4416, 23939, 5901, 5597, 23841, 6183, 16433|7
17274|24202||Inf
17274|9943|17274, 4416, 25006, 13929, 9943|4
17274|23154||Inf
17274|13390||Inf
17274|22023|17274, 4416, 25006, 8972, 12968, 4624, 15770, 22023|7
17274|16270|17274, 4416, 9889, 21012, 18543, 16270|5
17274|4638|17274, 4416, 2155, 20122, 14265, 3593, 4638|6
17274|22110||Inf
17274|19686|17274, 4416, 13142, 14924, 15959, 6154, 19686|6
17274|7449|17274, 4416, 25006, 12545, 3310, 7449|5
17274|6703|17274, 4416, 23939, 13801, 12687, 6703|5
17274|5545||Inf
17274|25379|17274, 4416, 14344, 9755, 23382, 25379|5
17274|16006|17274, 4416, 25006, 13929, 16006|4
17274|5078|17274, 4416, 2155, 25172, 5078|4
17274|17589|17274, 4416, 9889, 21012, 6610, 15784, 17589|6
17274|2614|17274, 4416, 25006, 12545, 3310, 2614|5
17274|23758|17274, 4416, 13142, 7307, 9017, 23758|5
17274|8708||Inf
17274|17580|17274, 4416, 25006, 1588, 23967, 4364, 17580|6
17274|23637|17274, 4416, 25006, 13929, 9572, 23637|5
17274|15253|17274, 4416, 23939, 13801, 15253|4
17274|1699|17274, 4416, 3630, 8768, 23038, 11231, 18122, 1699|7
17274|16368|17274, 4416, 25006, 13929, 10096, 16368|5
17274|21314||Inf
17274|9208|17274, 4416, 25006, 13096, 14599, 9471, 9208|6
17274|10247|17274, 4416, 25006, 1588, 18540, 17082, 6823, 10247|7
17274|1588|17274, 4416, 25006, 1588|3
17274|1025|17274, 4416, 3618, 21125, 18215, 1025|5
17274|13620||Inf
17274|23741|17274, 4416, 23939, 13801, 23741|4
17274|22376|17274, 4416, 14344, 9755, 339, 22376|5
17274|22088|17274, 4416, 25006, 13096, 14599, 13520, 22224, 22088|7
17274|11132|17274, 4416, 14344, 9755, 23382, 11132|5
17274|1378||Inf
17274|5794|17274, 4416, 25006, 5807, 2710, 5794|5
17274|15198|17274, 4416, 13142, 7307, 21968, 15198|5
17274|9765||Inf
17274|23841|17274, 4416, 23939, 5901, 5597, 23841|5
17274|293|17274, 4416, 13142, 15880, 3804, 293|5
17274|4703|17274, 4416, 21798, 24293, 624, 16032, 22423, 4703|7
17274|4273|17274, 4416, 9889, 18736, 20373, 4273|5
17274|11016||Inf
17274|23665|17274, 4416, 13142, 7307, 18788, 23665|5
17274|12504||Inf
17274|23530||Inf
17274|4631|17274, 4416, 23939, 1000, 13469, 4631|5
17274|23559|17274, 4416, 25006, 12545, 3677, 5172, 23559|6
17274|13142|17274, 4416, 13142|2
17274|19507||Inf
17274|8054||Inf
17274|18904|17274, 4416, 14344, 9755, 9397, 3651, 18904|6
17274|10130|17274, 4416, 23939, 1000, 178, 10130|5
17274|5257||Inf
17274|20261|17274, 4416, 13142, 7307, 18788, 23665, 10600, 20261|7
17274|17584|17274, 4416, 20902, 20924, 12101, 1023, 17584|6
17274|21206||Inf
17274|13649|17274, 4416, 9889, 21012, 9785, 22527, 13649|6
17274|11616||Inf
17274|17559|17274, 4416, 9889, 9184, 17559|4
17274|16608|17274, 4416, 2155, 25172, 17419, 16608|5
17274|195|17274, 4416, 23939, 13801, 20119, 195|5
17274|17997|17274, 4416, 9889, 21012, 6610, 19870, 17997|6
17274|6648||Inf
17274|8255||Inf
17274|887|17274, 4416, 23939, 19297, 9124, 1658, 6023, 887|7
17274|20952|17274, 4416, 13142, 6408, 20952|4
17274|16570|17274, 4416, 23939, 5901, 5597, 23841, 6183, 16570|7
17274|13199|17274, 4416, 25006, 12545, 13199|4
17274|22336|17274, 4416, 25006, 13096, 10762, 22336|5
17274|2936|17274, 4416, 23939, 1000, 9829, 2936|5
17274|6364|17274, 4416, 13142, 15880, 3804, 6364|5
17274|17583|17274, 4416, 9889, 16906, 2443, 17583|5
17274|12696|17274, 4416, 3618, 21125, 9248, 5862, 3193, 4371, 12696|8
17274|9265|17274, 4416, 23939, 1000, 14485, 12334, 8254, 9265|7
17274|17394|17274, 4416, 2155, 20122, 14265, 11621, 18924, 17394|7
17274|23810|17274, 4416, 25006, 20478, 25582, 23810|5
17274|2043||Inf
17274|23577|17274, 4416, 21798, 24293, 23577|4
17274|15189|17274, 4416, 13142, 14924, 18408, 6583, 15189|6
17274|2877|17274, 4416, 23939, 5901, 5695, 2877|5
17274|831||Inf
17274|17560||Inf
17274|5839||Inf
17274|19881|17274, 4416, 23939, 1000, 22644, 24924, 9426, 19881|7
17274|6179|17274, 4416, 3618, 14807, 6179|4
17274|9723|17274, 4416, 9889, 21012, 15538, 21910, 22119, 3953, 15568, 9723|9
17274|13712|17274, 4416, 25006, 13096, 23614, 3386, 13712|6
17274|5056|17274, 4416, 25006, 13929, 25698, 5934, 482, 5056|7
17274|13677||Inf
17274|8868|17274, 4416, 25006, 1588, 15814, 19107, 3345, 8868|7
17274|13031||Inf
17274|2630|17274, 4416, 23939, 5901, 14403, 2630|5
17274|9869|17274, 4416, 25006, 13276, 11696, 18453, 9869|6
17274|5505|17274, 4416, 13142, 14924, 15959, 24009, 5505|6
17274|11285||Inf
17274|18677|17274, 4416, 9889, 2741, 19423, 25940, 6427, 18677|7
17274|12262|17274, 4416, 14344, 9755, 20511, 18751, 12262|6
17274|2915|17274, 4416, 25006, 13276, 10711, 2915|5
17274|13680|17274, 4416, 23939, 1000, 5107, 14864, 13680|6
17274|15687|17274, 4416, 2155, 25172, 5078, 15687|5
17274|17794|17274, 4416, 25006, 5807, 17794|4
17274|20066|17274, 4416, 13142, 23134, 17859, 20066|5
17274|10524|17274, 4416, 25006, 13096, 10762, 11223, 10524|6
17274|16648||Inf
17274|22771|17274, 4416, 25006, 7264, 22771|4
17274|5360|17274, 4416, 25006, 8063, 1896, 7829, 5360|6
17274|13175|17274, 4416, 23939, 19297, 19340, 2870, 22555, 20892, 10467, 13175|9
17274|2248||Inf
17274|10763|17274, 4416, 25006, 13276, 2591, 3909, 16575, 14337, 10763|8
17274|11108|17274, 4416, 3618, 21125, 9248, 3136, 11108|6
17274|20309||Inf
17274|17293||Inf
17274|12654|17274, 4416, 3630, 8768, 23038, 12654|5
17274|7594|17274, 4416, 2155, 25172, 5078, 20182, 7594|6
17274|16232|17274, 4416, 23939, 1000, 5605, 22725, 16232|6
17274|26088|17274, 4416, 13142, 7307, 14181, 15300, 26088|6
17274|7769|17274, 4416, 23939, 23107, 19865, 18065, 7769|6
17274|163|17274, 4416, 9889, 2741, 19423, 163|5
17274|11082|17274, 4416, 25006, 20478, 17330, 11082|5
17274|9249|17274, 4416, 13142, 14924, 18408, 6583, 9249|6
17274|10897||Inf
17274|25856|17274, 4416, 13142, 7307, 11047, 25856|5
17274|25189|17274, 4416, 14344, 9755, 9482, 25189|5
17274|17536|17274, 4416, 9889, 2741, 18208, 17536|5
17274|5564|17274, 4416, 25006, 13276, 7689, 5564|5
17274|5602|17274, 4416, 25006, 13096, 15108, 5602|5
17274|12492|17274, 4416, 25006, 1588, 24696, 12492|5
17274|14845||Inf
17274|8725||Inf
17274|10825|17274, 4416, 23939, 13801, 20100, 10825|5
17274|26181|17274, 4416, 25006, 13276, 10711, 26181|5
17274|17884|17274, 4416, 25006, 13929, 23805, 23529, 17884|6
17274|7309|17274, 4416, 9889, 18579, 7309|4
17274|17988|17274, 4416, 23939, 1000, 5107, 12212, 22574, 17988|7
17274|2368|17274, 4416, 25006, 13276, 22366, 2368|5
17274|26059|17274, 4416, 9889, 9184, 25034, 3265, 26038, 26059|7
17274|17124|17274, 4416, 25006, 13929, 11400, 17764, 17124|6
17274|19433|17274, 4416, 25006, 13096, 14599, 19433|5
17274|6529|17274, 4416, 23939, 13801, 16647, 8511, 6529|6
17274|16011|17274, 4416, 3630, 8768, 21379, 7087, 16011|6
17274|13995|17274, 4416, 9889, 17655, 2212, 13995|5
17274|12101|17274, 4416, 20902, 20924, 12101|4
17274|7632||Inf
17274|6892|17274, 4416, 23939, 1000, 20716, 22601, 6892|6
17274|14358||Inf
17274|7645|17274, 4416, 9889, 17655, 22457, 17612, 7645|6
17274|2981||Inf
17274|9736|17274, 4416, 14344, 9755, 21281, 9736|5
17274|19703|17274, 4416, 25006, 1588, 17984, 19703|5
17274|1878||Inf
17274|24412|17274, 4416, 23939, 1000, 23344, 20089, 24412|6
17274|20902|17274, 4416, 20902|2
17274|21149|17274, 4416, 9889, 16906, 2443, 15395, 21149|6
17274|1125|17274, 4416, 25006, 13096, 23614, 12453, 20765, 1125|7
17274|3099|17274, 4416, 23939, 1000, 13469, 12074, 3099|6
17274|14990||Inf
17274|26171|17274, 4416, 13142, 7307, 7154, 4351, 26171|6
17274|951||Inf
17274|2326|17274, 4416, 13142, 7307, 14181, 10211, 2326|6
17274|3076|17274, 4416, 25006, 8972, 12968, 3076|5
17274|12157|17274, 4416, 9889, 17655, 22457, 17612, 12157|6
17274|2355||Inf
17274|18282|17274, 4416, 9889, 2741, 18208, 8471, 9037, 18282|7
17274|45|17274, 4416, 3618, 14807, 45|4
17274|7985|17274, 4416, 14344, 9755, 2654, 7985|5
17274|4743|17274, 4416, 14344, 9755, 4743|4
17274|24593|17274, 4416, 14344, 9755, 20511, 18751, 8541, 24593|7
17274|1154||Inf
17274|6390|17274, 4416, 25006, 13096, 15108, 2556, 17979, 6390|7
17274|18066|17274, 4416, 2155, 25172, 17419, 20328, 21621, 18066|7
17274|18560||Inf
17274|8079|17274, 4416, 9889, 2741, 18208, 11461, 8079|6
17274|14502||Inf
17274|1552||Inf
17274|6863|17274, 4416, 25006, 8972, 12968, 4624, 6863|6
17274|25903|17274, 4416, 25006, 13929, 9572, 23637, 25903|6
17274|25211||Inf
17274|23219|17274, 4416, 13142, 7307, 7154, 5519, 23219|6
17274|17231|17274, 4416, 23939, 5901, 22493, 853, 17231|6
17274|21313||Inf
17274|21713||Inf
17274|15814|17274, 4416, 25006, 1588, 15814|4
17274|11054||Inf
17274|21853|17274, 4416, 13142, 15880, 3804, 6857, 21853|6
17274|65|17274, 4416, 23939, 3006, 22100, 65|5
17274|21293|17274, 4416, 23939, 1000, 5107, 14067, 21293|6
17274|3593|17274, 4416, 2155, 20122, 14265, 3593|5
17274|851|17274, 4416, 9889, 9184, 25034, 851|5
17274|23038|17274, 4416, 3630, 8768, 23038|4
17274|2340|17274, 4416, 9889, 16906, 2340|4
17274|7726|17274, 4416, 17187, 24559, 16148, 7768, 1116, 7726|7
17274|392|17274, 4416, 2155, 20122, 14265, 392|5
17274|9732|17274, 4416, 23939, 23107, 6963, 9732|5
17274|18158|17274, 4416, 23939, 1000, 5107, 12212, 18158|6
17274|4555|17274, 4416, 21798, 17603, 6700, 25080, 4555|6
17274|10910|17274, 4416, 9889, 2741, 19423, 10910|5
17274|5712|17274, 4416, 13142, 6408, 12247, 5712|5
17274|18003||Inf
17274|22283||Inf
17274|22993|17274, 4416, 3630, 8768, 21379, 7087, 22993|6
17274|14339||Inf
17274|23652||Inf
17274|9389|17274, 4416, 23939, 1000, 22644, 24924, 9389|6
17274|8678|17274, 4416, 9889, 2741, 18894, 5787, 11806, 8678|7
17274|6708|17274, 4416, 25006, 13096, 14599, 9471, 6708|6
17274|17800|17274, 4416, 23939, 1000, 5107, 17800|5
17274|25111|17274, 4416, 25006, 12545, 24057, 25111|5
17274|10346|17274, 4416, 2155, 25172, 5078, 10346|5
17274|25554|17274, 4416, 23939, 13801, 14746, 11861, 25554|6
17274|21847|17274, 4416, 3618, 14807, 21847|4
17274|106|17274, 4416, 25006, 5807, 2710, 106|5
17274|24462||Inf
17274|11623||Inf
17274|1599|17274, 4416, 25006, 5807, 2710, 13659, 11052, 1599|7
17274|22744|17274, 4416, 14344, 9755, 20511, 18751, 1028, 22744|7
17274|10056||Inf
17274|9283|17274, 4416, 9889, 9184, 25034, 9283|5
17274|1818|17274, 4416, 25006, 4550, 4552, 491, 1818|6
17274|6864|17274, 4416, 23939, 19297, 9124, 5346, 6864|6
17274|23811||Inf
17274|15329|17274, 4416, 25006, 12545, 24057, 15329|5
17274|11829|17274, 4416, 25006, 13276, 10711, 23558, 5529, 11829|7
17274|20567|17274, 4416, 23939, 13801, 14746, 20567|5
17274|22394|17274, 4416, 25006, 13096, 20647, 22394|5
17274|5172|17274, 4416, 25006, 12545, 3677, 5172|5
17274|16749|17274, 4416, 9889, 9184, 25034, 3265, 26038, 16749|7
17274|24728||Inf
17274|14346|17274, 4416, 23939, 23107, 19865, 14346|5
17274|17592|17274, 4416, 23939, 13801, 12687, 17592|5
17274|3633|17274, 4416, 13142, 23134, 19204, 3633|5
17274|17122|17274, 4416, 25006, 13096, 23614, 12453, 20765, 21051, 5363, 17122|9
17274|15388||Inf
17274|18001|17274, 4416, 23939, 1000, 24199, 22177, 18001|6
17274|11325|17274, 4416, 25006, 13929, 11400, 11318, 11325|6
17274|14282||Inf
17274|12151||Inf
17274|9984|17274, 4416, 25006, 13929, 16006, 9629, 9984|6
17274|17563||Inf
17274|17470||Inf
17274|19316|17274, 4416, 14344, 9755, 21281, 19316|5
17274|4640|17274, 4416, 3618, 21125, 18215, 4640|5
17274|17250|17274, 4416, 9889, 21012, 9785, 17250|5
17274|20537||Inf
17274|16495|17274, 4416, 25006, 13929, 16495|4
17274|23918|17274, 4416, 25006, 13929, 12130, 11077, 23918|6
