17274|3096|17274, 4416, 25006, 1588, 23967, 3096|5
17274|10824|17274, 4416, 9889, 21012, 13597, 15144, 10824|6
17274|1353|17274, 4416, 23939, 1000, 22644, 14952, 4765, 1353|7
17274|715|17274, 4416, 25006, 8063, 1896, 19101, 715|6
17274|20883||Inf
17274|15170|17274, 4416, 13142, 7307, 15455, 15170|5
17274|122|17274, 4416, 9889, 9184, 25034, 851, 122|6
17274|925||Inf
17274|6380|17274, 4416, 23939, 13801, 22144, 6380|5
17274|15007|17274, 4416, 25006, 13096, 23614, 12453, 20765, 11537, 21190, 15007|9
17274|18884|17274, 4416, 25006, 4550, 20059, 4013, 23855, 8641, 18884|8
17274|24431|17274, 4416, 25006, 5807, 17794, 5541, 24431|6
17274|11899|17274, 4416, 9889, 17655, 4952, 11899|5
17274|25937|17274, 4416, 25006, 13276, 7689, 3922, 25937|6
17274|4264||Inf
17274|11148|17274, 4416, 9889, 21012, 3409, 11148|5
17274|2561||Inf
17274|15413|17274, 4416, 25006, 12545, 18365, 19741, 23306, 15413|7
17274|12070|17274, 4416, 23939, 1000, 12070|4
17274|26048||Inf
17274|18880|17274, 4416, 25006, 13096, 23614, 12453, 20765, 18880|7
17274|17268|17274, 4416, 3618, 14807, 8503, 17268|5
17274|11223|17274, 4416, 25006, 13096, 10762, 11223|5
17274|22770|17274, 4416, 25006, 13096, 15108, 22770|5
17274|183|17274, 4416, 13142, 15880, 5194, 183|5
17274|4488|17274, 4416, 25006, 1588, 23967, 4364, 13404, 4488|7
17274|6229||Inf
17274|20552|17274, 4416, 23939, 1000, 13469, 449, 20552|6
17274|11612|17274, 4416, 14344, 9755, 1653, 11612|5
17274|17116|17274, 4416, 25006, 12545, 18365, 17116|5
17274|17819|17274, 4416, 9889, 16906, 2443, 7650, 17819|6
17274|18521|17274, 4416, 14344, 9755, 2654, 16056, 18521|6
17274|10154||Inf
17274|18562||Inf
17274|14711|17274, 4416, 9889, 2741, 18208, 8471, 14711|6
17274|1488|17274, 4416, 23939, 13801, 1488|4
17274|1968|17274, 4416, 3630, 8768, 23038, 9306, 9082, 1968|7
17274|14171||Inf
17274|11186|17274, 4416, 23939, 5901, 22082, 3561, 16931, 11186|7
17274|231|17274, 4416, 9889, 2741, 231|4
17274|16216|17274, 4416, 25006, 1588, 15814, 615, 16216|6
17274|26132||Inf
17274|16265|17274, 4416, 23939, 5901, 16265|4
17274|22766||Inf
17274|24762|17274, 4416, 23939, 1000, 178, 10130, 24762|6
17274|16231|17274, 4416, 21798, 24293, 624, 16032, 22423, 16231|7
17274|12806|17274, 4416, 25006, 13096, 14599, 12806|5
17274|4199||Inf
17274|3561|17274, 4416, 23939, 5901, 22082, 3561|5
17274|20316|17274, 4416, 17187, 24559, 16148, 7768, 1116, 20316|7
17274|8870|17274, 4416, 13142, 7307, 9017, 17075, 4213, 18094, 8870|8
17274|1793|17274, 4416, 9889, 17655, 22691, 4036, 8786, 1793|7
17274|14690|17274, 4416, 13142, 6408, 5835, 7245, 14690|6
17274|749|17274, 4416, 13142, 6408, 5835, 7245, 14690, 749|7
17274|12370|17274, 4416, 25006, 4550, 9862, 12370|5
17274|26167|17274, 4416, 13142, 7307, 7154, 26167|5
17274|24955|17274, 4416, 9889, 17655, 24955|4
17274|1254|17274, 4416, 14344, 9755, 20511, 1254|5
17274|23576|17274, 4416, 23939, 1000, 24199, 23576|5
17274|1157|17274, 4416, 17187, 24559, 16148, 7768, 1116, 1157|7
17274|14619|17274, 4416, 25006, 13096, 10762, 12659, 14619|6
17274|18196|17274, 4416, 9889, 2741, 231, 24841, 18196|6
17274|19257||Inf
17274|15562|17274, 4416, 20902, 20924, 12101, 1023, 15562|6
17274|19903|17274, 4416, 25006, 5807, 11416, 25469, 19903|6
17274|24140|17274, 4416, 23939, 19297, 6941, 4975, 24140|6
17274|12247|17274, 4416, 13142, 6408, 12247|4
17274|14894||Inf
17274|12056|17274, 4416, 25006, 13096, 14599, 12056|5
17274|21608|17274, 4416, 25006, 13929, 10096, 21608|5
17274|21012|17274, 4416, 9889, 21012|3
17274|3955|17274, 4416, 21798, 20850, 13220, 23470, 3955|6
17274|13815||Inf
17274|21131|17274, 4416, 13142, 7307, 14181, 15300, 11426, 21131|7
17274|23084||Inf
17274|14419|17274, 4416, 9889, 21012, 6610, 14419|5
17274|12295||Inf
17274|5656|17274, 4416, 23939, 23107, 8045, 5656|5
17274|1174|17274, 4416, 2155, 20122, 14265, 22074, 21830, 21177, 1174|8
17274|25977|17274, 4416, 9889, 16906, 8116, 25977|5
17274|3524|17274, 4416, 9889, 9184, 21646, 10555, 3524|6
17274|20618|17274, 4416, 25006, 13096, 23614, 23693, 5812, 20618|7
17274|24587|17274, 4416, 9889, 21012, 6610, 22798, 7007, 24587|7
17274|13310|17274, 4416, 25006, 13276, 22366, 2368, 13310|6
17274|4250|17274, 4416, 25006, 13929, 11400, 4250|5
17274|11670|17274, 4416, 2155, 20122, 14265, 17626, 11670|6
17274|869|17274, 4416, 3618, 869|3
17274|4705|17274, 4416, 9889, 21012, 6610, 19870, 4705|6
17274|14854|17274, 4416, 9889, 2741, 14512, 14854|5
17274|22371|17274, 4416, 13142, 24001, 16994, 14638, 22371|6
17274|7355|17274, 4416, 23939, 13801, 26127, 7355|5
17274|23474|17274, 4416, 25006, 13096, 14599, 12135, 24765, 23474|7
17274|12930||Inf
17274|22816||Inf
17274|15668||Inf
17274|7188|17274, 4416, 23939, 1000, 14485, 7188|5
17274|25610|17274, 4416, 25006, 13929, 21994, 25610|5
17274|5626||Inf
17274|10640|17274, 4416, 25006, 13929, 9572, 7459, 24932, 9264, 24970, 10640|9
17274|1356|17274, 4416, 13142, 573, 1356|4
17274|9335|17274, 4416, 14344, 9755, 25396, 12380, 9335|6
17274|5225|17274, 4416, 23939, 19297, 4241, 21771, 24097, 5225|7
17274|23710||Inf
17274|24122|17274, 4416, 13142, 7307, 14181, 2165, 22462, 140, 24122|8
17274|22311||Inf
17274|13292|17274, 4416, 25006, 12545, 676, 10456, 13292|6
17274|1280|17274, 4416, 9889, 9184, 21646, 16921, 1280|6
17274|11402|17274, 4416, 14344, 9755, 23382, 11402|5
17274|4046|17274, 4416, 9889, 21012, 6610, 4046|5
17274|9483|17274, 4416, 25006, 13096, 10762, 14351, 25250, 9483|7
17274|21943|17274, 4416, 9889, 9184, 17559, 21943|5
17274|10898|17274, 4416, 13142, 7307, 12472, 2503, 10898|6
17274|2490|17274, 4416, 17187, 24559, 7383, 11447, 2490|6
17274|2331||Inf
17274|22790|17274, 4416, 13142, 14924, 22790|4
17274|6667|17274, 4416, 23939, 19297, 2752, 14123, 6667|6
17274|11815|17274, 4416, 20902, 20924, 12101, 11815|5
17274|2852|17274, 4416, 25006, 13096, 15108, 25056, 4868, 2852|7
17274|6175|17274, 4416, 9889, 18736, 20373, 6264, 6175|6
17274|11696|17274, 4416, 25006, 13276, 11696|4
17274|14841|17274, 4416, 3618, 24398, 14841|4
17274|2348|17274, 4416, 23939, 5901, 5597, 2348|5
17274|26196|17274, 4416, 25006, 13096, 23614, 543, 26196|6
17274|2459|17274, 4416, 23939, 13801, 22144, 2459|5
17274|18764|17274, 4416, 2155, 20122, 14265, 22074, 11032, 10719, 18764|8
17274|6823|17274, 4416, 25006, 1588, 18540, 17082, 6823|6
17274|24506|17274, 4416, 13142, 7307, 14181, 2165, 24705, 24506|7
17274|20479|17274, 4416, 25006, 13929, 16006, 9629, 20479|6
17274|22075|17274, 4416, 25006, 13096, 23614, 12453, 24713, 299, 22075|8
17274|16312||Inf
17274|4116||Inf
17274|18741|17274, 4416, 23939, 13801, 1488, 18741|5
17274|16647|17274, 4416, 23939, 13801, 16647|4
17274|16347|17274, 4416, 23939, 19297, 19340, 16347|5
17274|4484|17274, 4416, 25006, 5807, 2710, 13989, 4484|6
17274|22074|17274, 4416, 2155, 20122, 14265, 22074|5
17274|5608|17274, 4416, 23939, 13801, 1488, 5608|5
17274|830||Inf
17274|5262|17274, 4416, 9889, 21012, 6610, 5262|5
17274|21548|17274, 4416, 23939, 13801, 1488, 6675, 21548|6
17274|13714|17274, 4416, 14344, 9755, 13714|4
17274|23227|17274, 4416, 17187, 24559, 16148, 7768, 23227|6
17274|9649|17274, 4416, 25006, 13929, 9572, 23637, 9649|6
17274|12260|17274, 4416, 17187, 24559, 2501, 6804, 12260|6
17274|14606|17274, 4416, 23939, 13801, 22144, 3430, 14606|6
17274|2883|17274, 4416, 9889, 17655, 12365, 15552, 2883|6
17274|2247||Inf
17274|1124|17274, 4416, 23939, 3006, 14834, 1124|5
17274|14746|17274, 4416, 23939, 13801, 14746|4
17274|17590|17274, 4416, 25006, 13096, 15108, 17590|5
17274|8179|17274, 4416, 13142, 14924, 18408, 17038, 17113, 8179|7
17274|15523|17274, 4416, 17187, 24559, 16148, 1765, 15523|6
17274|4371|17274, 4416, 3618, 21125, 9248, 5862, 3193, 4371|7
17274|17082|17274, 4416, 25006, 1588, 18540, 17082|5
17274|751|17274, 4416, 23939, 1000, 5107, 17800, 751|6
17274|24002|17274, 4416, 13142, 7307, 18788, 23665, 10600, 24002|7
17274|24885|17274, 4416, 16817, 24885|3
17274|23864|17274, 4416, 25006, 20478, 16389, 23864|5
17274|13684|17274, 4416, 23939, 23107, 19865, 13556, 14089, 13684|7
17274|5575|17274, 4416, 13142, 15880, 3804, 6857, 24781, 5575|7
17274|16486|17274, 4416, 23939, 13801, 16647, 8511, 16486|6
17274|14864|17274, 4416, 23939, 1000, 5107, 14864|5
17274|6724|17274, 4416, 23939, 13801, 7563, 6724|5
17274|11719|17274, 4416, 25006, 13929, 25698, 11719|5
17274|20174|17274, 4416, 17187, 24559, 4554, 20174|5
17274|14286|17274, 4416, 25006, 20478, 22917, 14286|5
17274|22975|17274, 4416, 25006, 13929, 22975|4
17274|17286|17274, 4416, 25006, 13276, 23770, 8408, 17286|6
17274|10039|17274, 4416, 23939, 23107, 11964, 10039|5
17274|252|17274, 4416, 23939, 1000, 2115, 8298, 252|6
17274|16314||Inf
17274|16899|17274, 4416, 9889, 17655, 4952, 16899|5
17274|20644|17274, 4416, 21798, 17603, 6700, 20644|5
17274|23786|17274, 4416, 25006, 13929, 9572, 7459, 24932, 9264, 15495, 16505, 21450, 23786|11
17274|25958||Inf
17274|3508|17274, 4416, 13142, 6408, 12247, 5712, 3508|6
17274|10390|17274, 4416, 23939, 5901, 22082, 3561, 16931, 10390|7
17274|17595||Inf
17274|11964|17274, 4416, 23939, 23107, 11964|4
17274|18271|17274, 4416, 23939, 23107, 19865, 18271|5
17274|2741|17274, 4416, 9889, 2741|3
17274|16640|17274, 4416, 9889, 9184, 25034, 25516, 16640|6
17274|4458|17274, 4416, 25006, 13096, 23614, 4458|5
17274|12192||Inf
17274|16889|17274, 4416, 14344, 9755, 2654, 16056, 16889|6
17274|26193|17274, 4416, 9889, 18579, 6482, 26193|5
17274|16340||Inf
17274|20779|17274, 4416, 23939, 19297, 9124, 1738, 20779|6
17274|23858|17274, 4416, 20902, 20924, 23858|4
17274|9595||Inf
17274|8448|17274, 4416, 9889, 16906, 2443, 7650, 8448|6
17274|11891|17274, 4416, 23939, 19297, 9124, 16741, 11891|6
17274|9514|17274, 4416, 9889, 21012, 15538, 21910, 22119, 3953, 15568, 9514|9
17274|24280|17274, 4416, 13142, 6408, 24280|4
17274|1841|17274, 4416, 9889, 21012, 1841|4
17274|23950|17274, 4416, 25006, 13929, 12130, 22951, 23950|6
17274|17162|17274, 4416, 25006, 13929, 12130, 11077, 17162|6
17274|25537|17274, 4416, 25006, 13096, 14599, 4697, 25537|6
17274|8064|17274, 4416, 25006, 1588, 18540, 10791, 16039, 8064|7
17274|12118|17274, 4416, 17187, 24559, 24814, 12118|5
17274|10514|17274, 4416, 25006, 13096, 23614, 12453, 24713, 10514|7
17274|13371|17274, 4416, 17187, 24559, 13371|4
17274|19145||Inf
17274|11613|17274, 4416, 21798, 24293, 17439, 11613|5
17274|10501|17274, 4416, 9889, 9184, 25034, 3265, 26038, 10501|7
17274|5934|17274, 4416, 25006, 13929, 25698, 5934|5
17274|23051|17274, 4416, 3630, 8768, 21379, 23051|5
17274|10062|17274, 4416, 13142, 14924, 22790, 10062|5
17274|6642|17274, 4416, 13142, 14003, 6642|4
17274|9030|17274, 4416, 25006, 13096, 15108, 9030|5
17274|24718|17274, 4416, 23939, 3006, 14834, 24718|5
17274|25470||Inf
17274|13035|17274, 4416, 9889, 9184, 25034, 3265, 17149, 26058, 13035|8
17274|5415|17274, 4416, 13142, 15880, 2042, 20650, 5415|6
17274|2959|17274, 4416, 25006, 5807, 17794, 2959|5
17274|5629|17274, 4416, 25006, 20478, 22917, 23114, 26065, 13029, 5629|8
17274|19580|17274, 4416, 9889, 18736, 10381, 25916, 19580|6
17274|20562|17274, 4416, 9889, 17655, 20562|4
17274|5636|17274, 4416, 23939, 1000, 5107, 12212, 22574, 5636|7
17274|778|17274, 4416, 9889, 21012, 6610, 22798, 1278, 778|7
17274|1405|17274, 4416, 23939, 5901, 3547, 1405|5
17274|20346|17274, 4416, 13142, 14003, 24371, 24453, 20346|6
17274|482|17274, 4416, 25006, 13929, 25698, 5934, 482|6
17274|2624||Inf
17274|13||Inf
17274|17981|17274, 4416, 9889, 18736, 20373, 6264, 17981|6
17274|16553|17274, 4416, 13142, 15880, 3804, 6218, 16553|6
17274|18913|17274, 4416, 25006, 13096, 23614, 3386, 23151, 16482, 18913|8
17274|15401||Inf
17274|408|17274, 4416, 9889, 9184, 25034, 3265, 17149, 408|7
17274|25272|17274, 4416, 21798, 20850, 25272|4
17274|128|17274, 4416, 25006, 13929, 9572, 16310, 3113, 128|7
17274|16708|17274, 4416, 13142, 1407, 16967, 16708|5
17274|2559|17274, 4416, 23939, 19297, 4241, 21771, 2559|6
17274|24582|17274, 4416, 13142, 14924, 24582|4
17274|20853|17274, 4416, 25006, 13096, 23614, 23693, 20853|6
17274|5468||Inf
17274|2846|17274, 4416, 25006, 13929, 9572, 2846|5
17274|11465||Inf
17274|13713|17274, 4416, 23939, 1000, 14485, 12334, 13713|6
17274|11539||Inf
17274|19997|17274, 4416, 25006, 13276, 7689, 19997|5
17274|24578|17274, 4416, 13142, 7307, 21968, 24578|5
17274|5479||Inf
17274|8547|17274, 4416, 13142, 14003, 24371, 24568, 8547|6
17274|3618|17274, 4416, 3618|2
17274|8219|17274, 4416, 13142, 8219|3
17274|19233|17274, 4416, 23939, 19297, 19233|4
17274|17440|17274, 4416, 25006, 12545, 24057, 25902, 17440|6
17274|11468|17274, 4416, 2155, 20122, 14265, 20432, 11468|6
17274|10163||Inf
17274|25891|17274, 4416, 25006, 13929, 25698, 5934, 482, 13664, 25891|8
17274|15947|17274, 4416, 13142, 14924, 15959, 18297, 15947|6
17274|19525|17274, 4416, 2155, 20122, 14265, 19525|5
17274|4466|17274, 4416, 25006, 12545, 4466|4
17274|21864|17274, 4416, 9889, 21012, 9785, 3839, 21864|6
17274|16945|17274, 4416, 25006, 13276, 2591, 3909, 16575, 14337, 16945|8
17274|15951|17274, 4416, 13142, 19657, 2072, 15951|5
17274|20064|17274, 4416, 25006, 13096, 14599, 18331, 20064|6
17274|1075|17274, 4416, 25006, 13276, 6971, 12587, 1075|6
17274|25050|17274, 4416, 23939, 5901, 14308, 25050|5
17274|23713|17274, 4416, 25006, 13096, 23614, 3501, 23713|6
17274|315|17274, 4416, 2155, 25172, 5078, 20182, 15799, 11194, 21297, 315|9
17274|17764|17274, 4416, 25006, 13929, 11400, 17764|5
17274|19707|17274, 4416, 23939, 1000, 4575, 19707|5
17274|1914|17274, 4416, 23939, 1000, 12070, 1914|5
17274|25910|17274, 4416, 14344, 9755, 21281, 25910|5
17274|13364|17274, 4416, 9889, 17655, 22691, 13364|5
17274|10352|17274, 4416, 9889, 17655, 19387, 10352|5
17274|19502||Inf
17274|1499|17274, 4416, 13142, 7307, 18788, 23665, 10600, 1499|7
17274|8970||Inf
17274|18340|17274, 4416, 23939, 5901, 3547, 18340|5
17274|20959|17274, 4416, 25006, 7264, 12286, 20959|5
17274|10807|17274, 4416, 25006, 13929, 14093, 10807|5
17274|9659|17274, 4416, 25006, 5807, 2710, 13205, 9659|6
17274|7046|17274, 4416, 2155, 25172, 7045, 7046|5
17274|22937|17274, 4416, 9889, 2741, 22937|4
17274|2666||Inf
17274|17277|17274, 4416, 13142, 14003, 17277|4
17274|142||Inf
17274|20636|17274, 4416, 23939, 13801, 12687, 18920, 20636|6
17274|4650|17274, 4416, 23939, 1000, 22644, 14952, 4650|6
17274|15003|17274, 4416, 9889, 2741, 15003|4
17274|10919|17274, 4416, 25006, 1588, 18540, 10791, 10919|6
17274|17019|17274, 4416, 25006, 12545, 676, 11746, 17019|6
17274|450|17274, 4416, 23939, 1000, 2115, 8666, 450|6
17274|7597|17274, 4416, 9889, 2741, 231, 24841, 7597|6
17274|20641|17274, 4416, 23939, 1000, 178, 20641|5
17274|4365||Inf
17274|15882|17274, 4416, 13142, 15880, 3804, 3228, 15882|6
17274|11401|17274, 4416, 25006, 5807, 2710, 11401|5
17274|5209|17274, 4416, 25006, 12545, 5209|4
17274|17276||Inf
17274|16743|17274, 4416, 9889, 21012, 6610, 22798, 16743|6
17274|15457|17274, 4416, 23939, 3006, 14834, 24718, 15457|6
17274|3105||Inf
17274|25540|17274, 4416, 9889, 17655, 4952, 16162, 25540|6
17274|17016|17274, 4416, 25006, 13096, 14599, 9471, 17016|6
17274|4293|17274, 4416, 9889, 2741, 14512, 25304, 4293|6
17274|20253|17274, 4416, 7911, 10918, 20253|4
17274|14174|17274, 4416, 25006, 13096, 23614, 12453, 24713, 14174|7
17274|6300||Inf
17274|25543||Inf
17274|5830|17274, 4416, 23939, 19297, 19340, 2870, 22555, 5830|7
17274|3185|17274, 4416, 23939, 1000, 2115, 8666, 10081, 3185|7
17274|6315||Inf
17274|14639|17274, 4416, 3618, 21125, 4425, 14639|5
17274|1796|17274, 4416, 17187, 24559, 5052, 1796|5
17274|3845|17274, 4416, 13142, 15880, 2042, 3845|5
17274|22798|17274, 4416, 9889, 21012, 6610, 22798|5
17274|23708|17274, 4416, 23939, 1000, 14485, 23708|5
17274|8614|17274, 4416, 17187, 24559, 16148, 3032, 8614|6
17274|2316|17274, 4416, 13142, 14003, 24371, 15235, 11939, 2316|7
17274|8787|17274, 4416, 25006, 13276, 10711, 6468, 811, 17021, 8787|8
17274|25710|17274, 4416, 25006, 13929, 16357, 25710|5
17274|22720||Inf
17274|3967|17274, 4416, 21798, 20850, 4846, 7350, 7824, 12053, 3967|8
17274|17414|17274, 4416, 14344, 9755, 339, 17414|5
17274|15585|17274, 4416, 9889, 15585|3
17274|23915|17274, 4416, 25006, 20478, 22917, 23114, 23915|6
17274|192|17274, 4416, 23939, 13801, 8122, 192|5
17274|24456|17274, 4416, 25006, 12545, 3677, 5172, 24456|6
17274|10842|17274, 4416, 25006, 13929, 11400, 11293, 10842|6
17274|22830|17274, 4416, 9889, 18736, 10381, 22830|5
17274|23648||Inf
17274|12158|17274, 4416, 9889, 17655, 22457, 17612, 12158|6
17274|811|17274, 4416, 25006, 13276, 10711, 6468, 811|6
17274|12313|17274, 4416, 25006, 13096, 23614, 543, 12313|6
17274|25868|17274, 4416, 3618, 14807, 570, 8701, 25868|6
17274|11194|17274, 4416, 2155, 25172, 5078, 20182, 15799, 11194|7
17274|8310|17274, 4416, 13142, 7307, 14181, 10211, 2912, 8310|7
17274|24841|17274, 4416, 9889, 2741, 231, 24841|5
17274|26004|17274, 4416, 3618, 21125, 9248, 5862, 3193, 26004|7
17274|7246|17274, 4416, 23939, 1000, 13008, 11490, 7246|6
17274|17395|17274, 4416, 23939, 19297, 4241, 21771, 24097, 17395|7
17274|11879||Inf
17274|23107|17274, 4416, 23939, 23107|3
17274|20173|17274, 4416, 25006, 12545, 22147, 12884, 20173|6
17274|23720|17274, 4416, 23939, 19297, 9124, 1310, 23720|6
17274|21823|17274, 4416, 9889, 21012, 3409, 1044, 21823|6
17274|19149|17274, 4416, 23939, 19297, 19149|4
17274|12042||Inf
17274|5166|17274, 4416, 23939, 5901, 5597, 5166|5
17274|6350||Inf
17274|6859|17274, 4416, 9889, 2741, 18208, 8471, 9037, 6859|7
17274|23204|17274, 4416, 13142, 23134, 23204|4
17274|3532|17274, 4416, 13142, 7307, 7154, 12842, 3532|6
17274|853|17274, 4416, 23939, 5901, 22493, 853|5
17274|19048|17274, 4416, 13142, 7307, 14181, 15300, 19048|6
17274|23514|17274, 4416, 23939, 1000, 20716, 23514|5
17274|6857|17274, 4416, 13142, 15880, 3804, 6857|5
17274|20792|17274, 4416, 23939, 1000, 2115, 8666, 10081, 20792|7
17274|1229|17274, 4416, 23939, 13801, 26127, 1229|5
17274|20008|17274, 4416, 25006, 13929, 9572, 2846, 1854, 20008|7
17274|15770|17274, 4416, 25006, 8972, 12968, 4624, 15770|6
17274|9458|17274, 4416, 25006, 13929, 9572, 2846, 9458|6
17274|19451||Inf
17274|3850|17274, 4416, 2155, 13346, 12040, 3850|5
17274|25698|17274, 4416, 25006, 13929, 25698|4
17274|3939|17274, 4416, 2155, 20122, 14265, 3939|5
17274|19911||Inf
17274|8978|17274, 4416, 13142, 7307, 9017, 8978|5
17274|3412|17274, 4416, 25006, 13096, 10762, 3412|5
17274|23622|17274, 4416, 25006, 12545, 3310, 10801, 23622|6
17274|14102|17274, 4416, 25006, 13929, 9572, 14102|5
17274|8526|17274, 4416, 25006, 13096, 23614, 12453, 20765, 8526|7
17274|21848|17274, 4416, 21798, 24293, 624, 16032, 22423, 21848|7
17274|21017|17274, 4416, 23939, 5901, 14308, 23836, 21017|6
17274|16932||Inf
17274|21708|17274, 4416, 17187, 24559, 14615, 1217, 21708|6
17274|1896|17274, 4416, 25006, 8063, 1896|4
17274|11109|17274, 4416, 23939, 5901, 3547, 3048, 11109|6
17274|17240|17274, 4416, 23939, 1000, 13008, 11490, 17240|6
17274|22426|17274, 4416, 25006, 13276, 7689, 22426|5
17274|5849|17274, 4416, 2155, 25172, 5078, 20182, 15799, 5849|7
17274|15247|17274, 4416, 25006, 13929, 9572, 7459, 24932, 9264, 24970, 15247|9
17274|6172|17274, 4416, 21798, 20850, 10427, 20613, 6172|6
17274|866|17274, 4416, 25006, 12545, 22147, 12884, 866|6
17274|7317|17274, 4416, 17187, 24559, 2501, 7317|5
17274|4825|17274, 4416, 9889, 9184, 25034, 851, 4825|6
17274|13528|17274, 4416, 23939, 1000, 5107, 12212, 13528|6
17274|22144|17274, 4416, 23939, 13801, 22144|4
17274|21159|17274, 4416, 25006, 13096, 15108, 2556, 13422, 21159|7
17274|12032|17274, 4416, 25006, 13096, 10762, 12659, 12032|6
17274|20515|17274, 4416, 25006, 13929, 23552, 17086, 20515|6
17274|23649|17274, 4416, 21798, 24293, 23649|4
17274|19724|17274, 4416, 25006, 13096, 10762, 11712, 19724|6
17274|8437|17274, 4416, 13142, 7307, 14181, 15300, 26088, 8437|7
17274|894|17274, 4416, 17187, 24559, 5717, 894|5
17274|11861|17274, 4416, 23939, 13801, 14746, 11861|5
17274|24732||Inf
17274|9093|17274, 4416, 23939, 1000, 5107, 14864, 11112, 9093|7
17274|5287|17274, 4416, 23939, 5901, 14308, 25050, 5287|6
17274|7888||Inf
17274|62|17274, 4416, 17187, 24559, 16148, 62|5
17274|773|17274, 4416, 9889, 17655, 773|4
17274|24250||Inf
17274|19297|17274, 4416, 23939, 19297|3
17274|8504|17274, 4416, 21798, 24293, 15184, 16022, 15372, 8504|7
17274|4051||Inf
17274|21707|17274, 4416, 25006, 20478, 18487, 21707|5
17274|17859|17274, 4416, 13142, 23134, 17859|4
17274|18612|17274, 4416, 25006, 13096, 10762, 11712, 18612|6
17274|10513||Inf
17274|18751|17274, 4416, 14344, 9755, 20511, 18751|5
17274|12940||Inf
17274|10719|17274, 4416, 2155, 20122, 14265, 22074, 11032, 10719|7
17274|22528|17274, 4416, 23939, 19297, 25102, 1941, 22528|6
17274|7713||Inf
17274|19509||Inf
17274|12130|17274, 4416, 25006, 13929, 12130|4
17274|2556|17274, 4416, 25006, 13096, 15108, 2556|5
17274|15259||Inf
17274|12691|17274, 4416, 2155, 20122, 14265, 12691|5
17274|5432||Inf
17274|15553||Inf
17274|24753|17274, 4416, 25006, 13276, 23770, 24753|5
17274|19544|17274, 4416, 25006, 8063, 1896, 7829, 19544|6
17274|4382|17274, 4416, 3618, 14807, 6179, 4382|5
17274|7590||Inf
17274|18105|17274, 4416, 3630, 8768, 21754, 4525, 18105|6
17274|23836|17274, 4416, 23939, 5901, 14308, 23836|5
17274|15301|17274, 4416, 25006, 5807, 2710, 15301|5
17274|1403|17274, 4416, 13142, 14003, 24371, 20168, 1403|6
17274|14698|17274, 4416, 9889, 21012, 3409, 1044, 14698|6
17274|3323|17274, 4416, 9889, 9184, 17559, 3323|5
17274|21778|17274, 4416, 25006, 20478, 22917, 23114, 26065, 21778|7
17274|7648|17274, 4416, 3618, 21125, 9248, 13966, 7648|6
17274|20702|17274, 4416, 25006, 13096, 20879, 20702|5
17274|13415||Inf
17274|13641|17274, 4416, 3618, 21125, 1962, 9413, 5825, 13641|7
17274|24474|17274, 4416, 9889, 16906, 2443, 7650, 24474|6
17274|5411|17274, 4416, 23939, 5901, 22082, 3561, 16931, 5411|7
17274|23351|17274, 4416, 25006, 13276, 22778, 23351|5
17274|4575|17274, 4416, 23939, 1000, 4575|4
17274|17251|17274, 4416, 23939, 1000, 1149, 17251|5
17274|14599|17274, 4416, 25006, 13096, 14599|4
17274|2328||Inf
17274|16523||Inf
17274|16124||Inf
17274|15205|17274, 4416, 13142, 11801, 21718, 24330, 15205|6
17274|15181||Inf
17274|8349||Inf
17274|10383|17274, 4416, 9889, 6774, 10383|4
17274|8153||Inf
17274|23772||Inf
17274|22758|17274, 4416, 17187, 24559, 2501, 22758|5
17274|19383|17274, 4416, 2155, 25172, 5078, 19383|5
17274|2144|17274, 4416, 13142, 14924, 18408, 6583, 2144|6
17274|18597|17274, 4416, 9889, 17655, 22457, 17612, 18597|6
17274|6075||Inf
17274|82||Inf
17274|6610|17274, 4416, 9889, 21012, 6610|4
17274|25598|17274, 4416, 25006, 5807, 2710, 13205, 9659, 25598|7
17274|1668|17274, 4416, 9889, 16906, 2443, 7650, 4834, 1668|7
17274|25304|17274, 4416, 9889, 2741, 14512, 25304|5
17274|21154|17274, 4416, 23939, 5901, 14403, 21154|5
17274|12695|17274, 4416, 13142, 15880, 3804, 6218, 3716, 12695|7
17274|11120||Inf
17274|15784|17274, 4416, 9889, 21012, 6610, 15784|5
17274|16755|17274, 4416, 9889, 2741, 18208, 11461, 8079, 16755|7
17274|4775|17274, 4416, 25006, 13929, 9572, 9522, 22483, 4775|7
17274|3890|17274, 4416, 14344, 9755, 2654, 3890|5
17274|9983|17274, 4416, 9889, 21012, 13597, 20303, 9983|6
17274|3990|17274, 4416, 13142, 7307, 18940, 3990|5
17274|7958||Inf
17274|23910|17274, 4416, 25006, 20478, 23910|4
17274|17688|17274, 4416, 25006, 13929, 25698, 5934, 7541, 17688|7
17274|9634|17274, 4416, 23939, 19297, 9124, 1658, 6023, 9634|7
17274|21705|17274, 4416, 23939, 19297, 4241, 21705|5
17274|13659|17274, 4416, 25006, 5807, 2710, 13659|5
17274|13153|17274, 4416, 3618, 14807, 25758, 12637, 12187, 13153|7
17274|18067|17274, 4416, 13142, 7307, 21968, 18067|5
17274|19783|17274, 4416, 23939, 19297, 2752, 14123, 19783|6
17274|14319|17274, 4416, 13142, 23256, 14319|4
17274|15624||Inf
17274|10115||Inf
17274|18126||Inf
17274|9986|17274, 4416, 25006, 13929, 25698, 9986|5
17274|23492|17274, 4416, 9889, 16906, 2443, 7650, 14157, 23492|7
17274|13970|17274, 4416, 25006, 1588, 18540, 13328, 22028, 13970|7
17274|21321|17274, 4416, 25006, 12545, 3310, 21321|5
17274|10456|17274, 4416, 25006, 12545, 676, 10456|5
17274|18141|17274, 4416, 13142, 7307, 12472, 18141|5
17274|16576|17274, 4416, 14344, 9755, 2654, 16056, 16576|6
17274|16820||Inf
17274|25783|17274, 4416, 25006, 13929, 16006, 25569, 25783|6
17274|4877|17274, 4416, 25006, 13929, 9572, 7459, 4877|6
17274|24960|17274, 4416, 9889, 17655, 22457, 11609, 24960|6
17274|16609||Inf
17274|18524|17274, 4416, 23939, 19297, 10055, 18524|5
17274|16131|17274, 4416, 25006, 20478, 25582, 16131|5
17274|3418|17274, 4416, 13142, 7307, 3418|4
17274|3197|17274, 4416, 13142, 14924, 3197|4
17274|12050||Inf
17274|25575|17274, 4416, 25006, 20478, 22917, 23114, 25575|6
17274|26194|17274, 4416, 2155, 20122, 14265, 3441, 26194|6
17274|3420|17274, 4416, 14344, 9755, 2654, 3420|5
17274|6888|17274, 4416, 23939, 1000, 23344, 20089, 24412, 6888|7
17274|25904|17274, 4416, 23939, 19297, 9124, 25931, 930, 25904|7
17274|9075|17274, 4416, 25006, 13096, 10762, 9075|5
17274|2607|17274, 4416, 13142, 11801, 21718, 2607|5
17274|25286|17274, 4416, 23939, 1000, 14485, 8851, 25286|6
17274|22032|17274, 4416, 25006, 1588, 18540, 17082, 6823, 22032|7
17274|7584|17274, 4416, 23939, 19297, 19340, 7584|5
17274|16892||Inf
17274|1879|17274, 4416, 23939, 13801, 1488, 6675, 1879|6
17274|4643||Inf
17274|6575|17274, 4416, 25006, 13276, 11182, 6575|5
17274|396|17274, 4416, 25006, 13276, 10711, 17359, 396|6
17274|25209|17274, 4416, 25006, 5807, 2710, 20934, 25209|6
17274|18217|17274, 4416, 23939, 5901, 14403, 18088, 18217|6
17274|492|17274, 4416, 25006, 13096, 14599, 9471, 492|6
17274|18596||Inf
17274|9450|17274, 4416, 13142, 11801, 21718, 9450|5
17274|15372|17274, 4416, 21798, 24293, 15184, 16022, 15372|6
17274|22504|17274, 4416, 25006, 8972, 12968, 20574, 22504|6
17274|24126|17274, 4416, 17187, 24559, 2501, 22758, 24126|6
17274|10022|17274, 4416, 23939, 13801, 14746, 10022|5
17274|23452|17274, 4416, 9889, 6774, 23452|4
17274|4263|17274, 4416, 9889, 2741, 18208, 8471, 9037, 4263|7
17274|23776||Inf
17274|2568|17274, 4416, 23939, 1000, 13469, 16754, 2568|6
17274|14933|17274, 4416, 21798, 20850, 10427, 20613, 6172, 14933|7
17274|2560|17274, 4416, 9889, 2741, 15003, 2560|5
17274|19052||Inf
17274|7543||Inf
17274|20004|17274, 4416, 9889, 9184, 25034, 20004|5
17274|22556|17274, 4416, 14344, 9755, 23382, 2661, 22556|6
17274|12141|17274, 4416, 23939, 1000, 24199, 12141|5
17274|953|17274, 4416, 25006, 13276, 7689, 5993, 953|6
17274|25534|17274, 4416, 25006, 13929, 9572, 7459, 24932, 9264, 15495, 16505, 21450, 25534|11
17274|4550|17274, 4416, 25006, 4550|3
17274|14512|17274, 4416, 9889, 2741, 14512|4
17274|299|17274, 4416, 25006, 13096, 23614, 12453, 24713, 299|7
17274|21281|17274, 4416, 14344, 9755, 21281|4
17274|1014|17274, 4416, 25006, 12545, 5209, 1014|5
17274|23989|17274, 4416, 23939, 23107, 19865, 23989|5
17274|21727|17274, 4416, 9889, 17655, 4952, 21727|5
17274|15479|17274, 4416, 9889, 9184, 21646, 15479|5
17274|21772|17274, 4416, 23939, 1000, 5107, 14067, 21772|6
17274|24453|17274, 4416, 13142, 14003, 24371, 24453|5
17274|15353|17274, 4416, 23939, 19297, 9124, 5346, 21048, 15353|7
17274|19019|17274, 4416, 25006, 1588, 24696, 19019|5
17274|18447|17274, 4416, 17187, 24559, 25354, 18447|5
17274|17121|17274, 4416, 25006, 12545, 676, 11746, 17121|6
17274|16906|17274, 4416, 9889, 16906|3
17274|1373|17274, 4416, 25006, 1588, 24696, 1373|5
17274|20558|17274, 4416, 25006, 13096, 15108, 2556, 13422, 16154, 20558|8
17274|1375|17274, 4416, 25006, 13929, 9572, 1375|5
17274|5361|17274, 4416, 23939, 5901, 22082, 3561, 16931, 5503, 5843, 5361|9
17274|17089|17274, 4416, 17187, 24559, 14615, 17089|5
17274|19978|17274, 4416, 23939, 23107, 19865, 18271, 19978|6
17274|19678|17274, 4416, 25006, 13096, 14599, 9471, 19678|6
17274|7863|17274, 4416, 25006, 12545, 3677, 5172, 5181, 13635, 8177, 7863|9
17274|19078|17274, 4416, 23939, 1000, 5107, 20427, 19078|6
17274|7281|17274, 4416, 13142, 14924, 2789, 7281|5
17274|21860|17274, 4416, 14344, 9755, 2654, 21860|5
17274|25553|17274, 4416, 23939, 13801, 14746, 11861, 25553|6
17274|4708|17274, 4416, 25006, 5807, 2710, 4708|5
17274|24220|17274, 4416, 23939, 13801, 14746, 11861, 24220|6
17274|22523|17274, 4416, 25006, 1588, 18540, 7725, 22523|6
17274|2752|17274, 4416, 23939, 19297, 2752|4
17274|24149|17274, 4416, 23939, 1000, 22644, 25934, 24149|6
17274|14667|17274, 4416, 23939, 23107, 19865, 18271, 14667|6
17274|22890|17274, 4416, 25006, 13096, 20827, 4896, 22890|6
17274|25435|17274, 4416, 3630, 8768, 21754, 25435|5
17274|19548||Inf
17274|19880||Inf
17274|8340|17274, 4416, 25006, 12545, 2169, 8340|5
17274|7278|17274, 4416, 3618, 21125, 7278|4
17274|25664||Inf
17274|24640||Inf
17274|22577|17274, 4416, 23939, 1000, 23344, 20089, 24412, 22577|7
17274|23672||Inf
17274|10467|17274, 4416, 23939, 19297, 19340, 2870, 22555, 20892, 10467|8
17274|6971|17274, 4416, 25006, 13276, 6971|4
17274|6538||Inf
17274|4750|17274, 4416, 25006, 13740, 19489, 16747, 4750|6
17274|188||Inf
17274|4269|17274, 4416, 13142, 6408, 5835, 7245, 4269|6
17274|23099|17274, 4416, 25006, 8972, 12968, 4624, 23099|6
17274|8641|17274, 4416, 25006, 4550, 20059, 4013, 23855, 8641|7
17274|7058||Inf
17274|2127|17274, 4416, 25006, 13096, 10762, 11712, 2127|6
17274|4422|17274, 4416, 9889, 18736, 20373, 4422|5
17274|9066|17274, 4416, 20902, 11979, 9066|4
17274|5444|17274, 4416, 25006, 13929, 10096, 21608, 5444|6
17274|19941||Inf
17274|23149|17274, 4416, 23939, 13801, 23149|4
17274|16726|17274, 4416, 9889, 2741, 18866, 16726|5
17274|24568|17274, 4416, 13142, 14003, 24371, 24568|5
17274|4104|17274, 4416, 9889, 2741, 18208, 4104|5
17274|11418||Inf
17274|15999|17274, 4416, 13142, 14924, 18408, 6583, 15999|6
17274|25250|17274, 4416, 25006, 13096, 10762, 14351, 25250|6
17274|11102|17274, 4416, 3618, 14807, 25758, 11102|5
17274|7563|17274, 4416, 23939, 13801, 7563|4
17274|2255|17274, 4416, 13142, 7307, 9017, 2255|5
17274|16040||Inf
17274|4037|17274, 4416, 25006, 13276, 22778, 13614, 19084, 9327, 4037|8
17274|23382|17274, 4416, 14344, 9755, 23382|4
17274|23297|17274, 4416, 23939, 5901, 14308, 23836, 23297|6
17274|8067|17274, 4416, 14344, 9755, 23382, 8067|5
17274|9419|17274, 4416, 25006, 9419|3
17274|22879|17274, 4416, 3618, 21125, 22879|4
17274|25436|17274, 4416, 17187, 24559, 5052, 2287, 25436|6
17274|24944|17274, 4416, 14344, 9755, 1653, 24944|5
17274|10478|17274, 4416, 23939, 1000, 22644, 24924, 23986, 10478|7
17274|10652|17274, 4416, 25006, 1588, 10652|4
17274|19607|17274, 4416, 13142, 14924, 15931, 19607|5
17274|23344|17274, 4416, 23939, 1000, 23344|4
17274|14818|17274, 4416, 23939, 1000, 14485, 12334, 14818|6
17274|19325|17274, 4416, 25006, 13096, 23614, 543, 19325|6
17274|4704|17274, 4416, 13142, 15880, 3804, 6218, 3716, 4704|7
17274|21075|17274, 4416, 13142, 19657, 21075|4
17274|17502|17274, 4416, 13142, 19657, 2072, 15951, 17502|6
17274|20647|17274, 4416, 25006, 13096, 20647|4
17274|17924|17274, 4416, 23939, 1000, 13008, 17924|5
17274|18941|17274, 4298, 18941|2
17274|10550|17274, 4416, 21798, 17603, 6700, 10550|5
17274|17990|17274, 4416, 25006, 4550, 20059, 4013, 10878, 17990|7
17274|17178||Inf
17274|18278|17274, 4416, 23939, 3006, 14834, 1511, 18278|6
17274|22265|17274, 4416, 17187, 24559, 2293, 3037, 22265|6
17274|22507|17274, 4416, 25006, 1588, 24696, 22507|5
17274|6082|17274, 4416, 23939, 23107, 8045, 6082|5
17274|628|17274, 4416, 3618, 21125, 1962, 9413, 5825, 628|7
17274|1858|17274, 4416, 2155, 20122, 14265, 3939, 1858|6
17274|17309|17274, 4416, 25006, 13096, 23614, 24833, 17309|6
17274|11427||Inf
17274|18152|17274, 4416, 23939, 23107, 19865, 18271, 18152|6
17274|97||Inf
17274|1594|17274, 4416, 25006, 13096, 15108, 1594|5
17274|14709|17274, 4416, 21798, 14709|3
17274|21386||Inf
17274|12758|17274, 4416, 25006, 8972, 12968, 4624, 15770, 12758|7
17274|19061||Inf
17274|1736|17274, 4416, 23939, 1000, 12070, 1736|5
