17274|20207|17274, 4416, 9889, 9184, 21646, 20207|5
17274|7899|17274, 4416, 14344, 9755, 23382, 7899|5
17274|21806|17274, 4416, 25006, 13096, 23614, 24833, 21806|6
17274|22502|17274, 4416, 25006, 13096, 10762, 22336, 22502|6
17274|18867|17274, 4416, 3618, 14807, 8503, 18867|5
17274|18171||Inf
17274|9656|17274, 4416, 23939, 13801, 1488, 7444, 9656|6
17274|6077|17274, 4416, 17187, 24559, 24814, 6077|5
17274|9593|17274, 4416, 9889, 9184, 25034, 851, 9593|6
17274|9314|17274, 4416, 25006, 12545, 676, 10456, 9314|6
17274|11924|17274, 4416, 3618, 24398, 14534, 11924|5
17274|4255|17274, 4416, 14344, 9755, 20511, 4255|5
17274|1976||Inf
17274|16651||Inf
17274|11579||Inf
17274|24385|17274, 4416, 25006, 13276, 11182, 6575, 24385|6
17274|4483|17274, 4416, 13142, 7307, 7154, 4351, 4483|6
17274|4988|17274, 4416, 13142, 11801, 21718, 24330, 12722, 4988|7
17274|25940|17274, 4416, 9889, 2741, 19423, 25940|5
17274|13653|17274, 4416, 3618, 14807, 570, 8701, 5464, 13653|7
17274|18517|17274, 4416, 25006, 13276, 2591, 18517|5
17274|10655|17274, 4416, 25006, 13276, 11696, 10655|5
17274|7324|17274, 4416, 13142, 7307, 9017, 7324|5
17274|11822|17274, 4416, 23939, 1000, 9829, 14051, 11822|6
17274|15786|17274, 4416, 23939, 19297, 9124, 16741, 25408, 15786|7
17274|14648|17274, 4416, 25006, 13276, 11696, 18453, 14648|6
17274|17827|17274, 4416, 9889, 9184, 17827|4
17274|10468|17274, 4416, 25006, 13276, 22778, 13614, 19084, 10468|7
17274|8053|17274, 4416, 9889, 6774, 8517, 8053|5
17274|18091|17274, 4416, 25006, 12545, 3677, 5172, 18091|6
17274|19939|17274, 4416, 23939, 13801, 1488, 7444, 19939|6
17274|19004|17274, 4416, 13142, 15880, 3804, 6218, 4793, 15516, 19004|8
17274|12110|17274, 4416, 23939, 1000, 2115, 12110|5
17274|16967|17274, 4416, 13142, 1407, 16967|4
17274|23387|17274, 4416, 25006, 20478, 18487, 23387|5
17274|16837|17274, 4416, 9889, 9184, 25034, 16837|5
17274|12852|17274, 4416, 23939, 19297, 4241, 12852|5
17274|19084|17274, 4416, 25006, 13276, 22778, 13614, 19084|6
17274|9149||Inf
17274|12107|17274, 4416, 25006, 12545, 3677, 5172, 5181, 13635, 8177, 12107|9
17274|17134|17274, 4416, 25006, 20478, 22917, 23114, 17134|6
17274|8735||Inf
17274|23693|17274, 4416, 25006, 13096, 23614, 23693|5
17274|309||Inf
17274|15717|17274, 4416, 7911, 15717|3
17274|19791|17274, 4416, 23939, 5901, 19791|4
17274|15208||Inf
17274|23477|17274, 4416, 23939, 1000, 22644, 9241, 23477|6
17274|9712|17274, 4416, 25006, 5807, 2710, 20934, 25209, 9712|7
17274|18225|17274, 4416, 23939, 3006, 14834, 24718, 18225|6
17274|17785||Inf
17274|18008|17274, 4416, 3618, 14807, 570, 8701, 18008|6
17274|20157||Inf
17274|2803|17274, 4416, 9889, 17655, 12365, 7533, 2803|6
17274|16471|17274, 4416, 23939, 5901, 24614, 16471|5
17274|17968|17274, 4416, 23939, 23107, 19865, 13556, 17968|6
17274|20248|17274, 4416, 25006, 4550, 9862, 17501, 16834, 20248|7
17274|14628|17274, 4416, 23939, 1000, 5107, 12212, 14628|6
17274|10539|17274, 4416, 23939, 1000, 12070, 1736, 10539|6
17274|10211|17274, 4416, 13142, 7307, 14181, 10211|5
17274|14337|17274, 4416, 25006, 13276, 2591, 3909, 16575, 14337|7
17274|13177|17274, 4416, 16817, 13177|3
17274|9255|17274, 4416, 25006, 20478, 9255|4
17274|20645|17274, 4416, 13142, 7307, 9017, 17075, 20645|6
17274|9189||Inf
17274|25006|17274, 4416, 25006|2
17274|2527|17274, 4416, 9889, 18579, 6482, 2527|5
17274|1620|17274, 4416, 25006, 12545, 3677, 1620|5
17274|25721|17274, 4416, 25006, 13096, 15108, 25056, 4868, 25721|7
17274|16102|17274, 4416, 13142, 14924, 22790, 10062, 16102|6
17274|14430|17274, 4416, 13142, 7307, 14181, 14430|5
17274|2072|17274, 4416, 13142, 19657, 2072|4
17274|2623|17274, 4416, 9889, 16906, 2443, 7650, 2623|6
17274|17817|17274, 4416, 17187, 24559, 14615, 12735, 17817|6
17274|11898|17274, 4416, 14344, 9755, 20511, 18619, 11898|6
17274|25130||Inf
17274|2388|17274, 4416, 13142, 15880, 3804, 6218, 3716, 2388|7
17274|9266|17274, 4416, 25006, 13276, 2591, 16765, 11066, 9266|7
17274|10532|17274, 4416, 21798, 24293, 15184, 10532|5
17274|1549||Inf
17274|21178|17274, 4416, 25006, 13276, 22366, 18778, 21178|6
17274|15973|17274, 4416, 25006, 13096, 14599, 12135, 15973|6
17274|15227||Inf
17274|1685|17274, 4416, 9889, 17655, 4952, 1685|5
17274|18608||Inf
17274|20317|17274, 4416, 14344, 9755, 23382, 12980, 20317|6
17274|15829|17274, 4416, 17187, 24559, 14615, 1217, 15829|6
17274|23859|17274, 4416, 13142, 7307, 14181, 15300, 11426, 23859|7
17274|17599|17274, 4416, 17187, 24559, 16498, 22826, 17599|6
17274|18585|17274, 4416, 9889, 17655, 4952, 16162, 18585|6
17274|2770|17274, 4416, 3630, 8768, 23038, 12654, 2770|6
17274|3441|17274, 4416, 2155, 20122, 14265, 3441|5
17274|844||Inf
17274|23939|17274, 4416, 23939|2
17274|19801|17274, 4416, 23939, 3006, 15821, 19801|5
17274|16940|17274, 4416, 25006, 13929, 25698, 5934, 482, 16940|7
17274|24696|17274, 4416, 25006, 1588, 24696|4
17274|15891|17274, 4416, 21798, 20850, 10427, 20595, 15891|6
17274|23095|17274, 4416, 14344, 9755, 21281, 23095|5
17274|18742|17274, 4416, 25006, 13096, 20827, 4896, 18742|6
17274|21165|17274, 4416, 25006, 20478, 16389, 21165|5
17274|9994||Inf
17274|3265|17274, 4416, 9889, 9184, 25034, 3265|5
17274|15659|17274, 4416, 9889, 17655, 15659|4
17274|1728|17274, 4416, 23939, 23107, 8045, 1728|5
17274|17403|17274, 4416, 25006, 13929, 12130, 11077, 17403|6
17274|23616|17274, 4416, 13142, 7307, 21968, 19781, 23616|6
17274|9764|17274, 4416, 21798, 24293, 624, 16032, 22423, 9764|7
17274|11491|17274, 4416, 25006, 13096, 10762, 11491|5
17274|3824|17274, 4416, 9889, 16906, 2443, 7650, 3824|6
17274|4211|17274, 4416, 2155, 20122, 14265, 17626, 4211|6
17274|19961|17274, 4416, 9889, 2741, 19961|4
17274|11733|17274, 4416, 25006, 13929, 11733|4
17274|20229|17274, 4416, 25006, 13929, 9572, 9522, 22483, 20229|7
17274|20781|17274, 4416, 23939, 19297, 4241, 21771, 24097, 5225, 20781|8
17274|22891||Inf
17274|22721|17274, 4416, 9889, 18736, 10381, 22721|5
17274|18231||Inf
17274|12749|17274, 4416, 9889, 2741, 19423, 25777, 12749|6
17274|12614|17274, 4416, 25006, 13929, 9572, 7459, 24932, 9264, 12614|8
17274|14051|17274, 4416, 23939, 1000, 9829, 14051|5
17274|4068|17274, 4416, 25006, 13929, 4068|4
17274|19609|17274, 4416, 23939, 23107, 11964, 10039, 19609|6
17274|9053||Inf
17274|1436|17274, 4416, 25006, 13096, 14599, 18331, 1436|6
17274|1776|17274, 4416, 9889, 135, 1776|4
17274|25526|17274, 4416, 23939, 1000, 1149, 18373, 25526|6
17274|25980|17274, 4416, 25006, 13929, 9572, 25980|5
17274|1186|17274, 4416, 9889, 21012, 1186|4
17274|21032|17274, 4416, 23939, 1000, 13469, 449, 21032|6
17274|23907|17274, 4416, 21798, 17603, 6700, 23907|5
17274|7956|17274, 4416, 3618, 14807, 7956|4
17274|23470|17274, 4416, 21798, 20850, 13220, 23470|5
17274|1595|17274, 4416, 17187, 24559, 1595|4
17274|677|17274, 4416, 23939, 13801, 8122, 192, 677|6
17274|14560||Inf
17274|321|17274, 4416, 13142, 15880, 3804, 6857, 321|6
17274|18681|17274, 4416, 3618, 14807, 4164, 18681|5
17274|13291|17274, 4416, 23939, 1000, 2115, 8666, 10081, 13291|7
17274|17337|17274, 4416, 23939, 23107, 19865, 13369, 17337|6
17274|12599|17274, 4416, 25006, 13096, 10762, 12659, 1258, 12599|7
17274|2223||Inf
17274|15196|17274, 4416, 25006, 13929, 11400, 15196|5
17274|20787|17274, 4416, 23939, 5901, 5597, 20787|5
17274|24032|17274, 4416, 25006, 13929, 23805, 23529, 24032|6
17274|25201|17274, 4416, 21798, 24293, 25201|4
17274|8615||Inf
17274|4427||Inf
17274|22147|17274, 4416, 25006, 12545, 22147|4
17274|15384|17274, 4416, 9889, 17655, 22457, 15384|5
17274|14969|17274, 4416, 14344, 9755, 23382, 14969|5
17274|3684|17274, 4416, 14344, 9755, 2654, 7985, 23506, 18370, 3684|8
17274|10792||Inf
17274|3849|17274, 4416, 23939, 19297, 4241, 21771, 24097, 5225, 3849|8
17274|19954|17274, 4416, 25006, 12545, 676, 19954|5
17274|205|17274, 4416, 23939, 1000, 14485, 23708, 205|6
17274|7194||Inf
17274|5510|17274, 4416, 23939, 23107, 11964, 5510|5
17274|4372|17274, 4416, 25006, 12545, 2169, 4353, 15941, 16598, 4372|8
17274|4286||Inf
17274|8472||Inf
17274|15667|17274, 4416, 13142, 11801, 21718, 24330, 15667|6
17274|5571||Inf
17274|15166|17274, 4416, 23939, 13801, 14746, 15166|5
17274|26159|17274, 4416, 13142, 6408, 5835, 7245, 26159|6
17274|8851|17274, 4416, 23939, 1000, 14485, 8851|5
17274|25217|17274, 4416, 23939, 13801, 12687, 18920, 5240, 12425, 7546, 25217|9
17274|9713|17274, 4416, 14344, 9755, 339, 9713|5
17274|7883|17274, 4416, 25006, 13096, 23614, 543, 7883|6
17274|22435||Inf
17274|358|17274, 4416, 23939, 3006, 22100, 358|5
17274|3631|17274, 4416, 23939, 1000, 14485, 7801, 3631|6
17274|15161|17274, 4416, 3618, 21125, 22879, 20940, 15161|6
17274|10818||Inf
17274|10358|17274, 4416, 23939, 1000, 13469, 449, 10358|6
17274|18145|17274, 4416, 13142, 15880, 3804, 3228, 11557, 18145|7
17274|17465|17274, 4416, 23939, 23107, 17465|4
17274|10438|17274, 4416, 25006, 13096, 15108, 2556, 13422, 16154, 10438|8
17274|22503|17274, 4416, 23939, 13801, 16647, 22503|5
17274|15642||Inf
17274|11820|17274, 4416, 25006, 12545, 676, 11746, 11820|6
17274|19687|17274, 4416, 21798, 20850, 10427, 20595, 17385, 3843, 19687|8
17274|20086|17274, 4416, 25006, 1588, 24696, 10895, 20086|6
17274|20532|17274, 4416, 9889, 21012, 9785, 20532|5
17274|11925|17274, 4416, 25006, 5807, 2710, 13659, 11925|6
17274|495|17274, 4416, 25006, 13929, 9572, 2846, 495|6
17274|20427|17274, 4416, 23939, 1000, 5107, 20427|5
17274|21469|17274, 4416, 25006, 13929, 10096, 16368, 21469|6
17274|25059||Inf
17274|22320|17274, 4416, 21798, 24293, 624, 16032, 22423, 22320|7
17274|15596|17274, 4416, 23939, 13801, 12687, 15596|5
17274|21665|17274, 4416, 25006, 13096, 10762, 21665|5
17274|16644|17274, 4416, 23939, 1000, 5107, 1545, 16644|6
17274|12066|17274, 4416, 23939, 1000, 14485, 12334, 18051, 12627, 12066|8
17274|1981||Inf
17274|24114|17274, 4416, 25006, 13276, 10711, 22598, 24114|6
17274|24121|17274, 4416, 2155, 20122, 14265, 17626, 4211, 24121|7
17274|2712|17274, 4416, 2155, 20122, 14265, 22074, 21830, 21177, 2712|8
17274|17461||Inf
17274|14159||Inf
17274|17585||Inf
17274|8742|17274, 4416, 25006, 13929, 11733, 8742|5
17274|14090|17274, 4416, 17187, 24559, 24814, 14090|5
17274|4034||Inf
17274|17854|17274, 4416, 25006, 13096, 15108, 9030, 17854|6
17274|13801|17274, 4416, 23939, 13801|3
17274|23775|17274, 4416, 9889, 9184, 25034, 3265, 17149, 21404, 25089, 23775|9
17274|12472|17274, 4416, 13142, 7307, 12472|4
17274|19404|17274, 4416, 23939, 1000, 22644, 24924, 23986, 19404|7
17274|18772|17274, 4416, 25006, 7264, 21287, 15399, 18772|6
17274|12616||Inf
17274|7357|17274, 4416, 23939, 1000, 20716, 7357|5
17274|16110|17274, 4416, 9889, 9184, 25034, 3265, 17149, 26058, 16110|8
17274|17986|17274, 4416, 25006, 13096, 23614, 12453, 20765, 11537, 17986|8
17274|23303|17274, 4416, 9889, 2741, 231, 24841, 23303|6
17274|187||Inf
17274|25510||Inf
17274|23503|17274, 4416, 23939, 13801, 7563, 6724, 23503|6
17274|8282|17274, 4416, 13142, 9735, 22415, 5175, 8282|6
17274|7916||Inf
17274|13167||Inf
17274|10926|17274, 4416, 9889, 21012, 9785, 10926|5
17274|25667||Inf
17274|3243|17274, 4416, 14344, 9755, 2654, 3243|5
17274|15600|17274, 4416, 23939, 1000, 5107, 1545, 15600|6
17274|15706||Inf
17274|21994|17274, 4416, 25006, 13929, 21994|4
17274|19159|17274, 4416, 14344, 9755, 2654, 21776, 19159|6
17274|10672||Inf
17274|18417||Inf
17274|8876|17274, 4416, 13142, 7307, 12324, 8876|5
17274|21583|17274, 4416, 9889, 17655, 21583|4
17274|15821|17274, 4416, 23939, 3006, 15821|4
17274|19208|17274, 4416, 14344, 9755, 20511, 18337, 19208|6
17274|3178|17274, 4416, 25006, 13096, 23614, 3178|5
17274|18042|17274, 4416, 25006, 13096, 15108, 18042|5
17274|1092||Inf
17274|9829|17274, 4416, 23939, 1000, 9829|4
17274|15774|17274, 4416, 25006, 13096, 10762, 13847, 10871, 19517, 24, 15774|9
17274|13989|17274, 4416, 25006, 5807, 2710, 13989|5
17274|11626|17274, 4416, 17187, 24559, 14615, 1217, 19877, 12419, 11626|8
17274|18338||Inf
17274|10801|17274, 4416, 25006, 12545, 3310, 10801|5
17274|20947|17274, 4416, 2155, 25172, 20947|4
17274|21031|17274, 4416, 13142, 11801, 21718, 24330, 21031|6
17274|12733|17274, 4416, 25006, 13929, 11400, 11318, 12733|6
17274|7695|17274, 4416, 9889, 12675, 4442, 7695|5
17274|8156|17274, 4416, 9889, 18579, 8156|4
17274|19107|17274, 4416, 25006, 1588, 15814, 19107|5
17274|14541|17274, 4416, 23939, 19297, 10055, 14541|5
17274|4080|17274, 4416, 23939, 13801, 14746, 4080|5
17274|24833|17274, 4416, 25006, 13096, 23614, 24833|5
17274|950|17274, 4416, 9889, 2741, 19423, 950|5
17274|17141||Inf
17274|20765|17274, 4416, 25006, 13096, 23614, 12453, 20765|6
17274|18375|17274, 4416, 25006, 13929, 9572, 2846, 18375|6
17274|10406|17274, 4416, 23939, 10406|3
17274|14485|17274, 4416, 23939, 1000, 14485|4
17274|11444|17274, 4416, 13142, 7307, 9017, 11444|5
17274|16694|17274, 4416, 23939, 23107, 16694|4
17274|1327|17274, 4416, 25006, 5807, 2710, 21543, 1327|6
17274|5639|17274, 4416, 3630, 8768, 21379, 5639|5
17274|6635|17274, 4416, 25006, 1588, 24696, 6635|5
17274|19051|17274, 4416, 3618, 21125, 22879, 19051|5
17274|735||Inf
17274|1838|17274, 4416, 23939, 19297, 9124, 5346, 10268, 1838|7
17274|7959|17274, 4416, 3618, 21125, 9248, 5862, 3193, 7959|7
17274|6316|17274, 4416, 25006, 12545, 3677, 5172, 5181, 13635, 6316|8
17274|4760|17274, 4416, 23939, 19297, 9124, 25931, 4760|6
17274|8231|17274, 4416, 23939, 5901, 22082, 3561, 8231|6
17274|6815|17274, 4416, 9889, 2741, 18866, 6815|5
17274|15917|17274, 4416, 25006, 20478, 15917|4
17274|6858|17274, 4416, 25006, 13096, 23614, 24833, 6858|6
17274|2661|17274, 4416, 14344, 9755, 23382, 2661|5
17274|18669||Inf
17274|17824|17274, 4416, 9889, 16906, 2443, 7650, 17824|6
17274|15400|17274, 4416, 21798, 20850, 4846, 7350, 15400|6
17274|4685||Inf
17274|3033|17274, 4416, 23939, 5901, 3547, 3033|5
17274|17114|17274, 4416, 23939, 13801, 12687, 18920, 5240, 9074, 17114|8
17274|14371|17274, 4416, 25006, 13276, 23770, 8408, 17443, 14371|7
17274|25219|17274, 4416, 25006, 12545, 24057, 7463, 6280, 17297, 25219|8
17274|13859|17274, 4416, 25006, 5807, 2710, 13659, 11052, 13859|7
17274|25486|17274, 4416, 25006, 13740, 25486|4
17274|4254||Inf
17274|7522|17274, 4416, 25006, 20478, 7522|4
17274|19598||Inf
17274|22476|17274, 4416, 25006, 22476|3
17274|4213|17274, 4416, 13142, 7307, 9017, 17075, 4213|6
17274|21495|17274, 4416, 25006, 5807, 21495|4
17274|9312|17274, 4416, 23939, 19297, 4241, 21771, 24097, 5225, 9312|8
17274|11522|17274, 4416, 25006, 13096, 10762, 13847, 10871, 19517, 3858, 2826, 12235, 11522|11
17274|2010|17274, 4416, 25006, 1588, 18540, 10791, 16039, 2010|7
17274|14414|17274, 4416, 9889, 21012, 15538, 21910, 14414|6
17274|16621||Inf
17274|930|17274, 4416, 23939, 19297, 9124, 25931, 930|6
17274|11216||Inf
17274|22605||Inf
17274|23068||Inf
17274|3599||Inf
17274|6160|17274, 4416, 13142, 14924, 6160|4
17274|22285|17274, 4416, 9889, 17655, 22457, 17612, 11502, 22285|7
17274|7050|17274, 4416, 25006, 13929, 12130, 7050|5
17274|23096|17274, 4416, 9889, 17655, 12365, 15552, 3872, 23096|7
17274|5601|17274, 4416, 23939, 5901, 5597, 23841, 5601|6
17274|12166|17274, 4416, 25006, 13929, 16006, 25569, 12166|6
17274|19596||Inf
17274|21718|17274, 4416, 13142, 11801, 21718|4
17274|1862|17274, 4416, 13142, 7307, 7154, 12842, 1862|6
17274|9722|17274, 4416, 25006, 13096, 14599, 9471, 9722|6
17274|11823||Inf
17274|5606|17274, 4416, 23939, 19297, 9124, 5606|5
17274|18540|17274, 4416, 25006, 1588, 18540|4
17274|20660|17274, 4416, 17187, 24559, 16148, 1765, 20660|6
17274|15246||Inf
17274|16756|17274, 4416, 25006, 13276, 6971, 12587, 24402, 16756|7
17274|25482||Inf
17274|11470|17274, 4416, 2155, 20122, 14265, 20432, 11470|6
17274|5622|17274, 4416, 25006, 13929, 9572, 2846, 5622|6
17274|1551||Inf
17274|21866|17274, 4416, 2155, 20122, 14265, 21866|5
17274|4040||Inf
17274|17546|17274, 4416, 14344, 9755, 2654, 21860, 8823, 17546|7
17274|13013|17274, 4416, 9889, 21012, 1186, 13013|5
17274|3988|17274, 4416, 23939, 19297, 4241, 21771, 24097, 5225, 3849, 3988|9
17274|25615|17274, 4416, 25006, 13929, 11733, 25615|5
17274|5481|17274, 4416, 9889, 17655, 22691, 4036, 8786, 5481|7
17274|14770||Inf
17274|21324|17274, 4416, 25006, 13096, 10762, 21324|5
17274|2784||Inf
17274|11641||Inf
17274|19705|17274, 4416, 13142, 14924, 18408, 6583, 19705|6
17274|17443|17274, 4416, 25006, 13276, 23770, 8408, 17443|6
17274|3173|17274, 4416, 2155, 20122, 14265, 3173|5
17274|10615|17274, 4416, 23939, 1000, 13469, 10615|5
17274|24575||Inf
17274|5084||Inf
17274|18626||Inf
17274|21931|17274, 4416, 9889, 21012, 6610, 19870, 21931|6
17274|1116|17274, 4416, 17187, 24559, 16148, 7768, 1116|6
17274|1833|17274, 4416, 25006, 12545, 3677, 5172, 5181, 13635, 8177, 1833|9
17274|15961|17274, 4416, 13142, 14924, 15959, 24009, 15961|6
17274|10310|17274, 4416, 17187, 24559, 24814, 10310|5
17274|8087|17274, 4416, 17187, 24559, 16148, 1765, 8087|6
17274|12193||Inf
17274|10564||Inf
17274|4847|17274, 4416, 25006, 13929, 11400, 11293, 4847|6
17274|15913|17274, 4416, 25006, 1588, 23967, 4364, 13404, 15913|7
17274|25480|17274, 4416, 17187, 24559, 2501, 22758, 25480|6
17274|11490|17274, 4416, 23939, 1000, 13008, 11490|5
17274|24444|17274, 4416, 13142, 14924, 15959, 24444|5
17274|9135|17274, 4416, 3630, 8768, 23038, 9306, 9135|6
17274|9959||Inf
17274|348||Inf
17274|5260||Inf
17274|17382|17274, 4416, 23939, 19297, 19340, 17382|5
17274|24957||Inf
17274|7636||Inf
17274|18037|17274, 4416, 25006, 1588, 24696, 9360, 18037|6
17274|20432|17274, 4416, 2155, 20122, 14265, 20432|5
17274|547|17274, 4416, 25006, 13096, 23614, 547|5
17274|7013|17274, 4416, 25006, 1588, 23967, 4364, 7013|6
17274|2761|17274, 4416, 25006, 13096, 14599, 2761|5
17274|8452|17274, 4416, 23939, 3006, 15311, 16872, 8452|6
17274|9915|17274, 4416, 21798, 24293, 9915|4
17274|20169|17274, 4416, 25006, 13929, 20169|4
17274|21635|17274, 4416, 13142, 19657, 2072, 13190, 14020, 21635|7
17274|23156||Inf
17274|14707|17274, 4416, 23939, 5901, 3547, 14707|5
17274|25917|17274, 4416, 14344, 9755, 21281, 25917|5
17274|2124|17274, 4416, 23939, 19297, 9124, 16741, 14967, 25152, 2124|8
17274|5194|17274, 4416, 13142, 15880, 5194|4
17274|16568|17274, 4416, 21798, 24293, 5385, 16568|5
17274|24490|17274, 4416, 23939, 3006, 14834, 15793, 19440, 24490|7
17274|16937|17274, 4416, 13142, 7307, 16937|4
17274|8973|17274, 4416, 25006, 8063, 1896, 8973|5
17274|4038||Inf
17274|23806|17274, 4416, 25006, 13929, 23806|4
17274|12710|17274, 4416, 25006, 8972, 12968, 20574, 12710|6
17274|25139||Inf
17274|6907|17274, 4416, 21798, 24293, 19640, 9639, 6907|6
17274|21560|17274, 4416, 25006, 7264, 21287, 23423, 19890, 21560|7
17274|1341|17274, 4416, 9889, 18736, 20373, 1341|5
17274|22848|17274, 4416, 23939, 1000, 20716, 1727, 22848|6
17274|3632|17274, 4416, 25006, 13276, 11182, 6575, 3632|6
17274|7534||Inf
17274|22372|17274, 4416, 9889, 17655, 11785, 22372|5
17274|4252||Inf
17274|2771|17274, 4416, 25006, 13276, 7689, 22426, 2771|6
17274|17807|17274, 4416, 23939, 3006, 14834, 24718, 17807|6
17274|17396|17274, 4416, 13142, 9735, 22415, 17396|5
17274|22244|17274, 4416, 23939, 1000, 20716, 1727, 22848, 6878, 22244|8
17274|19569|17274, 4416, 9889, 9184, 25034, 17228, 3996, 19569|7
17274|1738|17274, 4416, 23939, 19297, 9124, 1738|5
17274|18910|17274, 4416, 9889, 21012, 15538, 18910|5
17274|21051|17274, 4416, 25006, 13096, 23614, 12453, 20765, 21051|7
17274|9095|17274, 4416, 25006, 13096, 20827, 4896, 9095|6
17274|4798|17274, 4416, 13142, 7307, 3418, 4798|5
17274|896|17274, 4416, 9889, 2741, 18866, 896|5
17274|24722|17274, 4416, 13142, 7307, 9017, 24722|5
17274|16357|17274, 4416, 25006, 13929, 16357|4
17274|19012|17274, 4416, 13142, 7307, 14181, 15300, 19012|6
17274|25204|17274, 4416, 25006, 13096, 23614, 25204|5
17274|19313|17274, 4416, 17187, 24559, 14615, 1217, 19877, 19313|7
17274|5511||Inf
17274|1093|17274, 4416, 25006, 13929, 9572, 23637, 1093|6
17274|15682|17274, 4416, 2155, 25172, 7045, 15682|5
17274|3996|17274, 4416, 9889, 9184, 25034, 17228, 3996|6
17274|18109|17274, 4416, 14344, 9755, 23382, 18109|5
17274|9092|17274, 4416, 23939, 5901, 22493, 9092|5
17274|15714|17274, 4416, 25006, 1588, 23967, 4364, 15714|6
17274|20813||Inf
17274|8409||Inf
17274|14176|17274, 4416, 13142, 7307, 14181, 14176|5
17274|20886|17274, 4416, 23939, 19297, 9124, 20886|5
17274|7807||Inf
17274|19974|17274, 4416, 25006, 13276, 23770, 19974|5
17274|23134|17274, 4416, 13142, 23134|3
17274|18778|17274, 4416, 25006, 13276, 22366, 18778|5
17274|4515|17274, 4416, 25006, 1588, 15814, 16083, 4515|6
17274|15623|17274, 4416, 9889, 21012, 9785, 3839, 15623|6
17274|5548||Inf
17274|25057|17274, 4416, 25006, 12545, 3310, 10801, 25057|6
17274|12308|17274, 4416, 25006, 1588, 15814, 615, 12308|6
17274|14499||Inf
17274|1026|17274, 4416, 3618, 21125, 18215, 1026|5
17274|22021||Inf
17274|8702|17274, 4416, 23939, 13801, 1488, 20315, 2797, 8702|7
17274|16336|17274, 4416, 25006, 13929, 16006, 9629, 16336|6
17274|12423|17274, 4416, 13142, 14924, 18408, 6583, 12423|6
17274|8626||Inf
17274|13704||Inf
17274|17161|17274, 4416, 25006, 12545, 18365, 17721, 17161|6
17274|13485||Inf
17274|10623|17274, 4416, 25006, 13096, 10762, 10623|5
17274|5109|17274, 4416, 9889, 17655, 12365, 15552, 3872, 5109|7
17274|23805|17274, 4416, 25006, 13929, 23805|4
17274|4102|17274, 4416, 9889, 12311, 4102|4
17274|939|17274, 4416, 25006, 13929, 25698, 5934, 482, 939|7
17274|24479|17274, 4416, 9889, 16906, 2443, 7650, 24479|6
17274|8920|17274, 4416, 13142, 8920|3
17274|12712|17274, 4416, 25006, 13929, 11400, 9325, 12712|6
17274|15688||Inf
17274|22129|17274, 4416, 25006, 13096, 10762, 13847, 10871, 19517, 3858, 2826, 12235, 22129|11
17274|10956|17274, 4416, 23939, 1000, 23344, 10956|5
17274|836|17274, 4416, 25006, 13740, 19489, 836|5
17274|21968|17274, 4416, 13142, 7307, 21968|4
17274|21824|17274, 4416, 9889, 21012, 9785, 22527, 21824|6
17274|500|17274, 4416, 23939, 1000, 13469, 500|5
17274|11611|17274, 4416, 23939, 19297, 9124, 1738, 11611|6
17274|20170||Inf
17274|11012|17274, 4416, 9889, 9184, 25034, 3265, 17149, 21404, 25089, 11012|9
17274|20332||Inf
17274|25678||Inf
17274|74||Inf
17274|26005|17274, 4416, 23939, 1000, 25948, 24860, 26005|6
17274|4242|17274, 4416, 25006, 5807, 21495, 4242|5
17274|2926|17274, 4416, 25006, 12545, 18365, 17721, 2926|6
17274|4673|17274, 4416, 23939, 13801, 12687, 4673|5
17274|5659|17274, 4416, 25006, 13096, 23614, 543, 5659|6
17274|16335|17274, 4416, 9889, 17655, 4952, 7625, 16335|6
17274|20554|17274, 4416, 25006, 13929, 11400, 11293, 20554|6
17274|115||Inf
17274|20230|17274, 4416, 25006, 13929, 9572, 9522, 22483, 20230|7
17274|25159|17274, 4416, 14344, 9755, 2654, 21860, 8823, 25159|7
17274|12659|17274, 4416, 25006, 13096, 10762, 12659|5
17274|6556|17274, 4416, 13142, 15880, 3804, 6556|5
17274|15477|17274, 4416, 25006, 13096, 14599, 15477|5
17274|5769|17274, 4416, 9889, 17655, 12365, 5769|5
17274|3293|17274, 4416, 9889, 21012, 25053, 3293|5
17274|7725|17274, 4416, 25006, 1588, 18540, 7725|5
17274|17808|17274, 4416, 2155, 20122, 14265, 17626, 17808|6
17274|414|17274, 4416, 25006, 13276, 23770, 19974, 414|6
17274|22726|17274, 4416, 9889, 17655, 22691, 22726|5
17274|14376|17274, 4416, 9889, 17655, 2980, 14376|5
17274|7523||Inf
17274|4351|17274, 4416, 13142, 7307, 7154, 4351|5
17274|14089|17274, 4416, 23939, 23107, 19865, 13556, 14089|6
17274|12637|17274, 4416, 3618, 14807, 25758, 12637|5
17274|20260|17274, 4416, 13142, 7307, 7154, 5519, 19697, 20260|7
17274|3651|17274, 4416, 14344, 9755, 9397, 3651|5
17274|2184|17274, 4416, 13142, 15880, 3804, 3228, 11557, 24183, 2184|8
17274|23093|17274, 4416, 2155, 25172, 7045, 23093|5
17274|7579|17274, 4416, 17187, 24559, 16148, 62, 7579|6
17274|7042|17274, 4416, 25006, 13929, 21994, 7042|5
17274|9194|17274, 4416, 23939, 13801, 1488, 9194|5
17274|369|17274, 4416, 23939, 5901, 5597, 23841, 6183, 369|7
17274|8077||Inf
17274|748|17274, 4416, 23939, 19297, 23458, 748|5
17274|8184|17274, 4416, 9889, 16906, 8116, 8184|5
17274|18065|17274, 4416, 23939, 23107, 19865, 18065|5
17274|5434|17274, 4416, 9889, 6774, 5434|4
17274|8446|17274, 4416, 9889, 2741, 18208, 17536, 17379, 24340, 8446|8
17274|4289|17274, 4416, 3630, 8768, 23038, 9306, 4289|6
17274|24251||Inf
17274|15194|17274, 4416, 9889, 21012, 9785, 3839, 15194|6
17274|8774|17274, 4416, 25006, 12545, 24057, 8774|5
17274|21130|17274, 4416, 2155, 25172, 5078, 21130|5
17274|4828||Inf
17274|4576|17274, 4416, 23939, 1000, 22644, 24924, 4576|6
17274|24152||Inf
17274|3377||Inf
17274|16174|17274, 4416, 9889, 6774, 10243, 18648, 16174|6
17274|21638|17274, 4416, 17187, 24559, 14615, 1217, 21638|6
17274|2982|17274, 4416, 9889, 21012, 15538, 2982|5
17274|21450|17274, 4416, 25006, 13929, 9572, 7459, 24932, 9264, 15495, 16505, 21450|10
17274|5807|17274, 4416, 25006, 5807|3
17274|2085|17274, 4416, 23939, 1000, 13469, 10615, 2085|6
17274|7095|17274, 4416, 25006, 13929, 9572, 9522, 22483, 7095|7
17274|21798|17274, 4416, 21798|2
17274|15608|17274, 4416, 25006, 1588, 18540, 15608|5
17274|6411|17274, 4416, 21798, 24293, 19640, 9639, 6411|6
17274|7094|17274, 4416, 23939, 1000, 5107, 14067, 21293, 7094|7
17274|11721||Inf
17274|16941|17274, 4416, 17187, 24559, 14615, 1217, 19877, 19313, 16941|8
17274|24097|17274, 4416, 23939, 19297, 4241, 21771, 24097|6
17274|19723|17274, 4416, 23939, 19723|3
17274|9038||Inf
17274|1311|17274, 4416, 13142, 19657, 21075, 1311|5
17274|20236|17274, 4416, 23939, 13801, 20100, 20236|5
17274|3195||Inf
17274|25511||Inf
17274|17297|17274, 4416, 25006, 12545, 24057, 7463, 6280, 17297|7
17274|14093|17274, 4416, 25006, 13929, 14093|4
17274|11929|17274, 4416, 13142, 14003, 24371, 15235, 11939, 2316, 11929|8
17274|5577||Inf
17274|16310|17274, 4416, 25006, 13929, 9572, 16310|5
17274|15258|17274, 4416, 13142, 19657, 2072, 15258|5
17274|2506||Inf
17274|10880|17274, 4416, 25006, 12545, 2169, 4353, 15941, 16598, 10880|8
17274|4141|17274, 4416, 25006, 5807, 2710, 13659, 11052, 13859, 4141|8
17274|22369|17274, 4416, 21798, 24293, 19640, 9639, 22369|6
17274|14868||Inf
17274|12248||Inf
17274|12884|17274, 4416, 25006, 12545, 22147, 12884|5
17274|4756|17274, 4416, 23939, 1000, 2115, 4756|5
17274|6533|17274, 4416, 13142, 7307, 14181, 14430, 8155, 6533|7
17274|24970|17274, 4416, 25006, 13929, 9572, 7459, 24932, 9264, 24970|8
17274|8511|17274, 4416, 23939, 13801, 16647, 8511|5
17274|1915|17274, 4416, 23939, 5901, 14403, 2630, 1915|6
17274|1383||Inf
17274|19945|17274, 4416, 9889, 135, 19945|4
17274|238|17274, 4416, 13142, 15880, 3804, 6218, 16543, 238|7
17274|2054||Inf
17274|15244|17274, 4416, 13142, 14003, 24371, 15244|5
17274|13521|17274, 4416, 9889, 17655, 22457, 3066, 10726, 13521|7
17274|22184|17274, 4416, 17187, 24559, 16148, 22184|5
17274|1670||Inf
17274|22366|17274, 4416, 25006, 13276, 22366|4
17274|23302|17274, 4416, 23939, 13801, 14746, 23302|5
17274|17039|17274, 4416, 25006, 4550, 4552, 491, 17039|6
17274|21515||Inf
17274|23168||Inf
17274|25226||Inf
17274|199|17274, 4416, 9889, 18579, 6482, 17874, 199|6
17274|10116|17274, 4416, 23939, 13801, 20100, 20236, 10116|6
17274|3654|17274, 4416, 25006, 13096, 14599, 15477, 3654|6
17274|17289|17274, 4416, 25006, 20478, 16389, 17289|5
17274|16900|17274, 4416, 23939, 1000, 22644, 14952, 16900|6
17274|20664|17274, 4416, 9889, 21012, 9785, 22527, 20664|6
17274|2465|17274, 4416, 25006, 13276, 7689, 5993, 2465|6
17274|22603|17274, 4416, 9889, 9184, 17559, 21943, 22603|6
17274|15455|17274, 4416, 13142, 7307, 15455|4
17274|17453||Inf
17274|22483|17274, 4416, 25006, 13929, 9572, 9522, 22483|6
17274|23114|17274, 4416, 25006, 20478, 22917, 23114|5
17274|20033|17274, 4416, 13142, 14924, 7277, 20033|5
17274|8593|17274, 4416, 13142, 15880, 3804, 6857, 21853, 8593|7
17274|18946|17274, 4416, 23939, 1000, 22644, 24924, 18946|6
17274|18125|17274, 4416, 25006, 13096, 23614, 18125|5
17274|2306|17274, 4416, 25006, 13096, 23614, 12453, 24713, 2306|7
17274|4148|17274, 4416, 25006, 4550, 9862, 4148|5
17274|3826|17274, 4416, 25006, 13929, 25698, 5934, 16469, 3826|7
17274|17754|17274, 4416, 23939, 19297, 10055, 17754|5
17274|8630|17274, 4416, 3630, 8768, 20148, 8630|5
17274|13703|17274, 4416, 25006, 13276, 10711, 1711, 13703|6
17274|2762||Inf
17274|13319|17274, 4416, 9889, 17655, 13319|4
17274|10878|17274, 4416, 25006, 4550, 20059, 4013, 10878|6
17274|3998|17274, 4416, 9889, 9184, 25034, 3265, 26038, 3998|7
17274|22699|17274, 4416, 25006, 13929, 25698, 22699|5
17274|8730|17274, 4416, 23939, 8730|3
17274|3292|17274, 4416, 23939, 1000, 14485, 23708, 21650, 3292|7
17274|25086|17274, 4416, 23939, 1000, 13469, 449, 25086|6
17274|15145|17274, 4416, 20902, 20924, 12101, 1023, 15145|6
17274|13034|17274, 4416, 9889, 21012, 15538, 21910, 13318, 13749, 13034|8
17274|2001|17274, 4416, 13142, 23134, 23204, 2001|5
17274|17587||Inf
17274|17778|17274, 4416, 23939, 23107, 19865, 13556, 17778|6
17274|17956|17274, 4416, 9889, 21012, 18543, 17956|5
17274|5211||Inf
17274|339|17274, 4416, 14344, 9755, 339|4
17274|5555|17274, 4416, 25006, 13929, 9572, 5555|5
17274|4018|17274, 4416, 2155, 25172, 17419, 20328, 4018|6
17274|18511|17274, 4416, 25006, 13276, 22366, 18511|5
17274|19059|17274, 4416, 2155, 20122, 14265, 19059|5
17274|8118|17274, 4416, 2155, 25172, 5078, 21130, 8118|6
17274|18388||Inf
17274|15850|17274, 4416, 9889, 18736, 20373, 6264, 15850|6
17274|1967||Inf
17274|10543|17274, 4416, 25006, 13929, 9943, 10543|5
17274|7055||Inf
17274|7878|17274, 4416, 3630, 8768, 23038, 11231, 7878|6
17274|19126||Inf
17274|9591||Inf
17274|6611|17274, 4416, 17187, 24559, 24814, 6611|5
17274|10388|17274, 4416, 23939, 1000, 12070, 1736, 10539, 10388|7
17274|16022|17274, 4416, 21798, 24293, 15184, 16022|5
17274|15847||Inf
17274|6835|17274, 4416, 9889, 2741, 14512, 14854, 6835|6
17274|17471||Inf
17274|6541|17274, 4416, 13142, 19657, 2072, 6541|5
17274|17603|17274, 4416, 21798, 17603|3
17274|24148|17274, 4416, 21798, 20850, 13220, 24148|5
17274|19351|17274, 4416, 25006, 13096, 23614, 12453, 20765, 19351|7
17274|20089|17274, 4416, 23939, 1000, 23344, 20089|5
17274|18603||Inf
17274|8676||Inf
17274|2047|17274, 4416, 25006, 13276, 11182, 6575, 2047|6
17274|20414||Inf
17274|6738|17274, 4416, 25006, 5807, 2710, 21543, 6738|6
17274|24942|17274, 4416, 23939, 23107, 19865, 12491, 24942|6
17274|21341|17274, 4416, 25006, 20478, 21491, 21341|5
17274|5218|17274, 4416, 2155, 20122, 14265, 5218|5
17274|5246|17274, 4416, 3630, 8768, 21754, 11275, 5246|6
17274|4033|17274, 4416, 13142, 15880, 3804, 17194, 4033|6
17274|17472|17274, 4416, 23939, 1000, 4575, 17472|5
17274|113|17274, 4416, 2155, 113|3
17274|5767|17274, 4416, 23939, 19297, 4241, 21771, 5767|6
17274|5838|17274, 4416, 23939, 23107, 16694, 5838|5
17274|16129||Inf
17274|16332|17274, 4416, 9889, 9184, 16332|4
17274|25589|17274, 4416, 25006, 13929, 12130, 25589|5
17274|18383||Inf
17274|20536|17274, 4416, 25006, 1588, 18540, 10791, 20536|6
17274|25864||Inf
17274|15695||Inf
17274|1265|17274, 4416, 14344, 9755, 21281, 1265|5
17274|13328|17274, 4416, 25006, 1588, 18540, 13328|5
17274|4826||Inf
17274|5125|17274, 4416, 9889, 17655, 4952, 5125|5
17274|10500|17274, 4416, 14344, 9755, 2654, 21860, 8823, 10500|7
17274|1109|17274, 4416, 25006, 13276, 11696, 1109|5
17274|17467|17274, 4416, 25006, 13276, 22778, 6638, 17467|6
17274|14317|17274, 4416, 14344, 9755, 21281, 19140, 14317|6
17274|15666|17274, 4416, 13142, 11801, 21718, 24330, 15666|6
17274|19892||Inf
17274|3431|17274, 4416, 14344, 9755, 2654, 7985, 23506, 3431|7
17274|18746|17274, 4416, 25006, 13096, 23614, 12453, 24713, 299, 18746|8
17274|7090|17274, 4416, 17187, 24559, 5717, 7090|5
17274|15912|17274, 4416, 9889, 21012, 13597, 15144, 15912|6
17274|7482||Inf
17274|18600|17274, 4416, 23939, 19297, 9124, 5346, 18600|6
17274|13740|17274, 4416, 25006, 13740|3
17274|26130|17274, 4416, 9889, 9184, 25034, 3265, 17149, 26058, 26130|8
17274|25487||Inf
17274|5674|17274, 4416, 2155, 20122, 14265, 3441, 5674|6
17274|17086|17274, 4416, 25006, 13929, 23552, 17086|5
17274|20433||Inf
17274|2922|17274, 4416, 3630, 8768, 21754, 11275, 2922|6
17274|15217|17274, 4416, 25006, 13096, 15108, 2556, 13422, 15217|7
17274|5485|17274, 4416, 2155, 13346, 12040, 23870, 5485|6
17274|22598|17274, 4416, 25006, 13276, 10711, 22598|5
17274|24781|17274, 4416, 13142, 15880, 3804, 6857, 24781|6
17274|17038|17274, 4416, 13142, 14924, 18408, 17038|5
17274|19562|17274, 4416, 9889, 2741, 18208, 19562|5
17274|2485|17274, 4416, 2155, 20122, 14265, 2485|5
17274|22421|17274, 4416, 3618, 22421|3
17274|20255|17274, 4416, 25006, 13929, 9572, 7459, 24932, 9264, 15495, 16505, 8925, 20255|11
