17274|20391|17274, 4416, 9889, 2741, 18866, 20391|5
17274|11785|17274, 4416, 9889, 17655, 11785|4
17274|23403|17274, 4416, 9889, 17655, 12365, 23403|5
17274|3345|17274, 4416, 25006, 1588, 15814, 19107, 3345|6
17274|1258|17274, 4416, 25006, 13096, 10762, 12659, 1258|6
17274|16084|17274, 4416, 25006, 12545, 16084|4
17274|18189|17274, 4416, 25006, 1588, 15814, 19107, 9710, 18189|7
17274|14094||Inf
17274|6176|17274, 4416, 3618, 21125, 22879, 20940, 6176|6
17274|17157|17274, 4416, 2155, 25172, 7045, 17157|5
17274|5130|17274, 4416, 13142, 11801, 21718, 24330, 5130|6
17274|22621|17274, 4416, 25006, 13929, 22621|4
17274|25758|17274, 4416, 3618, 14807, 25758|4
17274|24160|17274, 4416, 17187, 24559, 24160|4
17274|20668|17274, 4416, 13142, 14924, 15959, 6154, 1073, 20668|7
17274|20850|17274, 4416, 21798, 20850|3
17274|15235|17274, 4416, 13142, 14003, 24371, 15235|5
17274|4181||Inf
17274|7025|17274, 4416, 25006, 5807, 2710, 26051, 7025|6
17274|15911|17274, 4416, 13142, 14924, 15959, 24009, 15911|6
17274|18909|17274, 4416, 25006, 13096, 23614, 12453, 20765, 18909|7
17274|2203|17274, 4416, 2155, 25172, 5078, 20182, 2203|6
17274|3946|17274, 4416, 23939, 19297, 9124, 25931, 3946|6
17274|23681|17274, 4416, 23939, 13801, 23681|4
17274|18397|17274, 4416, 17187, 24559, 24814, 18397|5
17274|12660|17274, 4416, 9889, 21012, 21508, 12660|5
17274|17275|17274, 4416, 23939, 19297, 9124, 5346, 23214, 17275|7
17274|14691|17274, 4416, 9889, 12675, 4442, 14691|5
17274|3452|17274, 4416, 25006, 13096, 23614, 3501, 3452|6
17274|8279|17274, 4416, 9889, 2741, 18866, 8279|5
17274|16649|17274, 4416, 25006, 13096, 20879, 16649|5
17274|11093|17274, 4416, 25006, 13929, 9572, 5555, 11093|6
17274|25597|17274, 4416, 13142, 7307, 25597|4
17274|2785||Inf
17274|4164|17274, 4416, 3618, 14807, 4164|4
17274|9391|17274, 4416, 3618, 14807, 25758, 12637, 12187, 9391|7
17274|1520|17274, 4416, 25006, 13929, 9572, 7712, 1520|6
17274|6830|17274, 4416, 9889, 2741, 6830|4
17274|21544|17274, 4416, 14344, 9755, 2654, 3243, 21544|6
17274|2215||Inf
17274|3731|17274, 4416, 21798, 24293, 3731|4
17274|24341|17274, 4416, 23939, 13801, 16647, 8511, 20030, 24341|7
17274|7350|17274, 4416, 21798, 20850, 4846, 7350|5
17274|16485|17274, 4416, 13142, 14003, 24371, 15244, 15435, 16485|7
17274|3630|17274, 4416, 3630|2
17274|16014||Inf
17274|22105|17274, 4416, 9889, 2741, 18866, 20391, 25378, 22105|7
17274|11792|17274, 4416, 17187, 24559, 5717, 11792|5
17274|24819|17274, 4416, 20902, 20924, 12101, 1023, 24819|6
17274|24001|17274, 4416, 13142, 24001|3
17274|25784|17274, 4416, 25006, 13929, 21994, 23092, 16429, 25784|7
17274|13026|17274, 4416, 25006, 5807, 2710, 13026|5
17274|2562|17274, 4416, 23939, 13801, 14746, 20567, 2562|6
17274|9988|17274, 4416, 23939, 23107, 19865, 12491, 11967, 9988|7
17274|3372|17274, 4416, 9889, 2741, 3372|4
17274|12641|17274, 4416, 13142, 6408, 12247, 5712, 12641|6
17274|6532|17274, 4416, 2155, 20122, 14265, 17626, 6532|6
17274|20892|17274, 4416, 23939, 19297, 19340, 2870, 22555, 20892|7
17274|16778|17274, 4416, 25006, 1588, 15814, 16083, 4515, 16778|7
17274|7717|17274, 4416, 14344, 9755, 7717|4
17274|20258|17274, 4416, 13142, 7307, 20258|4
17274|22938||Inf
17274|15396||Inf
17274|22439|17274, 4416, 25006, 1588, 15814, 19107, 22439|6
17274|19527|17274, 4416, 23939, 5901, 19527|4
17274|21754|17274, 4416, 3630, 8768, 21754|4
17274|179|17274, 4416, 25006, 13096, 23614, 179|5
17274|2592|17274, 4416, 25006, 13276, 7689, 5993, 3977, 2592|7
17274|1279|17274, 4416, 25006, 1588, 13056, 1787, 1279|6
17274|17291||Inf
17274|11015|17274, 4416, 3630, 8768, 11015|4
17274|7072|17274, 4416, 9889, 18736, 20373, 6264, 7072|6
17274|21710||Inf
17274|2342|17274, 4416, 25006, 13929, 10096, 16368, 10923, 2342|7
17274|19062||Inf
17274|22725|17274, 4416, 23939, 1000, 5605, 22725|5
17274|2143|17274, 4416, 23939, 1000, 13469, 449, 23355, 2143|7
17274|21653|17274, 4416, 9889, 9184, 17559, 3323, 21653|6
17274|14033|17274, 4416, 25006, 13276, 23770, 24753, 14033|6
17274|25998|17274, 4416, 21798, 20850, 10427, 20595, 17385, 25998|7
17274|11416|17274, 4416, 25006, 5807, 11416|4
17274|1519|17274, 4416, 3630, 8768, 24270, 1519|5
17274|24294|17274, 4416, 25006, 1588, 18540, 17082, 6823, 24294|7
17274|21205|17274, 4416, 25006, 13096, 23614, 543, 21205|6
17274|11411||Inf
17274|12046||Inf
17274|14149||Inf
17274|13490|17274, 4416, 23939, 1000, 23344, 20089, 24412, 13490|7
17274|3999|17274, 4416, 25006, 4550, 3999|4
17274|14308|17274, 4416, 23939, 5901, 14308|4
17274|10496|17274, 4416, 25006, 13929, 11400, 22018, 10496|6
17274|3206||Inf
17274|21831|17274, 4416, 25006, 5807, 2710, 18757, 214, 21831|7
17274|23509|17274, 4416, 25006, 13929, 23509|4
17274|1107||Inf
17274|12861|17274, 4416, 23939, 5901, 5695, 12861|5
17274|19387|17274, 4416, 9889, 17655, 19387|4
17274|25408|17274, 4416, 23939, 19297, 9124, 16741, 25408|6
17274|14403|17274, 4416, 23939, 5901, 14403|4
17274|14353||Inf
17274|2200|17274, 4416, 2155, 20122, 14265, 22074, 2200|6
17274|25957||Inf
17274|14431||Inf
17274|15209|17274, 4416, 25006, 13929, 16495, 15209|5
17274|8579|17274, 4416, 13142, 14924, 937, 8579|5
17274|3843|17274, 4416, 21798, 20850, 10427, 20595, 17385, 3843|7
17274|11591|17274, 4416, 9889, 9184, 21646, 11591|5
17274|7885|17274, 4416, 23939, 19297, 4241, 10476, 4875, 11844, 17006, 19551, 7885|10
17274|20884|17274, 4416, 25006, 13096, 14599, 9471, 20884|6
17274|4383|17274, 4416, 14344, 9755, 4383|4
17274|365|17274, 4416, 9889, 365|3
17274|17804|17274, 4416, 2155, 20122, 14265, 20432, 17804|6
17274|4635|17274, 4416, 23939, 1000, 4575, 4635|5
17274|10620|17274, 4416, 25006, 13096, 10762, 21324, 10620|6
17274|19350|17274, 4416, 14344, 9755, 5621, 2420, 19350|6
17274|7477||Inf
17274|6579||Inf
17274|4249|17274, 4416, 13142, 11801, 4249|4
17274|15418|17274, 4416, 23939, 1000, 2115, 8298, 15418|6
17274|23304|17274, 4416, 25006, 1588, 15814, 19107, 3345, 23304|7
17274|17543|17274, 4416, 21798, 24293, 5385, 17543|5
17274|1323|17274, 4416, 9889, 18736, 20373, 6264, 1323|6
17274|21684||Inf
17274|16703||Inf
17274|5661|17274, 4416, 23939, 13801, 16647, 8511, 6337, 5661|7
17274|5579|17274, 4416, 21798, 17603, 6700, 5579|5
17274|4428|17274, 4416, 25006, 13929, 25698, 5934, 4428|6
17274|19520||Inf
17274|9313|17274, 4416, 25006, 13276, 11696, 18453, 9313|6
17274|15197|17274, 4416, 3618, 21125, 18215, 15197|5
17274|17999|17274, 4416, 9889, 2741, 18208, 8471, 9037, 17999|7
17274|3073|17274, 4416, 13142, 6408, 5835, 7245, 14690, 3607, 3073|8
17274|18288||Inf
17274|12365|17274, 4416, 9889, 17655, 12365|4
17274|24034|17274, 4416, 9889, 2741, 19423, 24023, 24034|6
17274|23476|17274, 4416, 25006, 13096, 23614, 12453, 20765, 23476|7
17274|10637||Inf
17274|11939|17274, 4416, 13142, 14003, 24371, 15235, 11939|6
17274|17591||Inf
17274|18973|17274, 4416, 9889, 18736, 10381, 25916, 18973|6
17274|22190|17274, 4416, 23939, 19297, 4241, 10476, 4875, 11844, 17006, 19551, 7885, 22190|11
17274|16091|17274, 4416, 25006, 5807, 2710, 13659, 11052, 16091|7
17274|9759|17274, 4416, 17187, 24559, 24814, 9759|5
17274|4245||Inf
17274|140|17274, 4416, 13142, 7307, 14181, 2165, 22462, 140|7
17274|18875|17274, 4416, 13142, 7307, 12472, 18875|5
17274|8261|17274, 4416, 14344, 9755, 2654, 21860, 8261|6
17274|9889|17274, 4416, 9889|2
17274|1660||Inf
17274|21799|17274, 4416, 13142, 15880, 3804, 3228, 11557, 21799|7
17274|7386|17274, 4416, 23939, 13801, 1488, 7386|5
17274|20035||Inf
17274|12678|17274, 4416, 21798, 24293, 5385, 12678|5
17274|403|17274, 4416, 9889, 17655, 22691, 13364, 403|6
17274|18971|17274, 4416, 14344, 9755, 18971|4
17274|21621|17274, 4416, 2155, 25172, 17419, 20328, 21621|6
17274|24210|17274, 4416, 9889, 17655, 22457, 17612, 24210|6
17274|7585||Inf
17274|6184|17274, 4416, 17187, 24559, 2501, 19624, 6184|6
17274|5230|17274, 4416, 2155, 20122, 14265, 5230|5
17274|15108|17274, 4416, 25006, 13096, 15108|4
17274|8476|17274, 4416, 23939, 1000, 13469, 449, 10458, 8476|7
17274|25644|17274, 4416, 25006, 13096, 23614, 12453, 20765, 11537, 6666, 25644|9
17274|4021||Inf
17274|9647|17274, 4416, 23939, 19297, 639, 9647|5
17274|13469|17274, 4416, 23939, 1000, 13469|4
17274|19964|17274, 4416, 25006, 13929, 10096, 16368, 16013, 19964|7
17274|10356||Inf
17274|6448||Inf
17274|14652|17274, 4416, 25006, 13096, 23614, 3501, 14652|6
17274|10412|17274, 4416, 13142, 15880, 3804, 6218, 16543, 238, 10412|8
17274|3844||Inf
17274|8458|17274, 4416, 25006, 5807, 2710, 8458|5
17274|25321|17274, 4416, 23939, 19297, 9124, 1658, 6023, 25321|7
17274|23298|17274, 4416, 23939, 19297, 9124, 23298|5
17274|19454|17274, 4416, 17187, 24559, 14615, 19454|5
17274|21322|17274, 4416, 25006, 8972, 12968, 4624, 21322|6
17274|12981|17274, 4416, 9889, 2741, 18894, 12981|5
17274|12618|17274, 4416, 25006, 12545, 18365, 19741, 23306, 15413, 3516, 12618|9
17274|14647|17274, 4416, 9889, 18736, 14647|4
17274|21390||Inf
17274|6675|17274, 4416, 23939, 13801, 1488, 6675|5
17274|5387||Inf
17274|9639|17274, 4416, 21798, 24293, 19640, 9639|5
17274|11926|17274, 4416, 13142, 14924, 18408, 17038, 17113, 7592, 11926|8
17274|14379|17274, 4416, 25006, 1588, 23967, 4364, 14379|6
17274|6776||Inf
17274|8666|17274, 4416, 23939, 1000, 2115, 8666|5
17274|23723|17274, 4416, 13142, 6408, 12247, 5712, 23723|6
17274|22436|17274, 4416, 3630, 8768, 21379, 6934, 25215, 22436|7
17274|21317|17274, 4416, 23939, 1000, 5107, 12212, 21317|6
17274|7007|17274, 4416, 9889, 21012, 6610, 22798, 7007|6
17274|7442|17274, 4416, 13142, 14003, 7442|4
17274|1511|17274, 4416, 23939, 3006, 14834, 1511|5
17274|10153|17274, 4416, 25006, 13929, 16006, 10153|5
17274|17994|17274, 4416, 2155, 13346, 17994|4
17274|6039|17274, 4416, 3618, 21125, 22879, 20940, 6039|6
17274|25215|17274, 4416, 3630, 8768, 21379, 6934, 25215|6
17274|23628|17274, 4416, 9889, 21012, 23628|4
17274|25251|17274, 4416, 9889, 21012, 25251|4
17274|18233|17274, 4416, 13142, 14924, 18233|4
17274|19931||Inf
17274|7105|17274, 4416, 23939, 1000, 24199, 22177, 7105|6
17274|10684|17274, 4416, 2155, 25172, 17419, 20328, 10684|6
17274|8625|17274, 4416, 9889, 16906, 8116, 8625|5
17274|11734|17274, 4416, 25006, 13929, 10096, 11734|5
17274|20168|17274, 4416, 13142, 14003, 24371, 20168|5
17274|8786|17274, 4416, 9889, 17655, 22691, 4036, 8786|6
17274|4959|17274, 4416, 20902, 20924, 12101, 1023, 4959|6
17274|17569|17274, 4416, 3618, 2404, 17569|4
17274|5465|17274, 4416, 13142, 7307, 12472, 5465|5
17274|21928|17274, 4416, 25006, 13096, 14599, 12135, 21928|6
17274|15214|17274, 4416, 25006, 13276, 10711, 17359, 15214|6
17274|7638|17274, 4416, 3618, 21125, 9248, 13966, 7638|6
17274|9151|17274, 4416, 13142, 7307, 11047, 9151|5
17274|16886||Inf
17274|13628||Inf
17274|5052|17274, 4416, 17187, 24559, 5052|4
17274|16620||Inf
17274|253|17274, 4416, 25006, 13096, 23614, 12453, 20765, 21051, 253|8
17274|12640|17274, 4416, 2155, 25172, 17419, 20328, 12640|6
17274|18557|17274, 4416, 23939, 5901, 22082, 3561, 16931, 5503, 11213, 18557|9
17274|899|17274, 4416, 13142, 9735, 22415, 899|5
17274|3058|17274, 4416, 20902, 20924, 12101, 3058|5
17274|11629|17274, 4416, 25006, 13929, 21994, 11629|5
17274|9785|17274, 4416, 9889, 21012, 9785|4
17274|25870|17274, 4416, 23939, 19297, 19340, 2870, 25870|6
17274|15478|17274, 4416, 17187, 24559, 5052, 2287, 727, 18030, 15478|8
17274|14766|17274, 4416, 25006, 13276, 11696, 18453, 14766|6
17274|14078|17274, 4416, 25006, 4550, 20059, 4013, 14078|6
17274|23394|17274, 4416, 13142, 7307, 18788, 23665, 23394|6
17274|15415||Inf
17274|18390||Inf
17274|9485|17274, 4416, 9889, 21012, 3409, 1044, 9485|6
17274|1653|17274, 4416, 14344, 9755, 1653|4
17274|2081|17274, 4416, 23939, 1000, 5107, 7504, 2081|6
17274|11865|17274, 4416, 17187, 24559, 24814, 11865|5
17274|12034||Inf
17274|7712|17274, 4416, 25006, 13929, 9572, 7712|5
17274|6305|17274, 4416, 17187, 24559, 16148, 7768, 1116, 6305|7
17274|11910|17274, 4416, 23939, 1000, 24199, 12141, 11910|6
17274|17865||Inf
17274|5366|17274, 4416, 25006, 13096, 23614, 24833, 21806, 5366|7
17274|3719|17274, 4416, 9889, 21012, 9785, 22527, 3719|6
17274|2848|17274, 4416, 3630, 8768, 21754, 11275, 2848|6
17274|12074|17274, 4416, 23939, 1000, 13469, 12074|5
17274|12627|17274, 4416, 23939, 1000, 14485, 12334, 18051, 12627|7
17274|19301|17274, 4416, 23939, 23107, 19865, 13556, 14089, 19301|7
17274|25596||Inf
17274|2980|17274, 4416, 9889, 17655, 2980|4
17274|17690||Inf
17274|18625|17274, 4416, 3618, 14807, 570, 8701, 18008, 18625|7
17274|23683|17274, 4416, 9889, 2741, 18208, 23683|5
17274|16962|17274, 4416, 25006, 15559, 16962|4
17274|25034|17274, 4416, 9889, 9184, 25034|4
17274|23153|17274, 4416, 14344, 9755, 9397, 3651, 23153|6
17274|22051|17274, 4416, 17187, 24559, 14615, 12735, 17817, 22051|7
17274|16823||Inf
17274|7096|17274, 4416, 13142, 14924, 18408, 6583, 7096|6
17274|15251|17274, 4416, 2155, 20122, 14265, 15251|5
17274|10180||Inf
17274|10990|17274, 4416, 13142, 7307, 12324, 8876, 10990|6
17274|9316|17274, 4416, 17187, 24559, 9316|4
17274|12611|17274, 4416, 23939, 5901, 5695, 12611|5
17274|17755|17274, 4416, 25006, 5807, 2710, 13659, 11052, 13859, 17755|8
17274|197|17274, 4416, 23939, 1000, 14485, 8851, 197|6
17274|22048|17274, 4416, 3618, 21125, 4425, 22048|5
17274|12606|17274, 4416, 25006, 8972, 12968, 4624, 12606|6
17274|24272||Inf
17274|12553|17274, 4416, 9889, 21012, 9785, 12553|5
17274|17439|17274, 4416, 21798, 24293, 17439|4
17274|15154||Inf
17274|1194||Inf
17274|19457|17274, 4416, 25006, 7264, 12286, 25125, 19457|6
17274|18143|17274, 4416, 2155, 20122, 14265, 3939, 18143|6
17274|26058|17274, 4416, 9889, 9184, 25034, 3265, 17149, 26058|7
17274|25877|17274, 4416, 23939, 5901, 22082, 3561, 16931, 5503, 25877|8
17274|11841|17274, 4416, 25006, 13276, 7689, 25316, 11841|6
17274|21547|17274, 4416, 23939, 13801, 14746, 20567, 21547|6
17274|20616|17274, 4416, 23939, 1000, 5107, 12212, 22574, 20616|7
17274|2185|17274, 4416, 23939, 23107, 11964, 5510, 7893, 593, 2185|8
17274|1985|17274, 4416, 17187, 24559, 5052, 10597, 1985|6
17274|17273|17274, 4416, 23939, 5901, 14308, 23836, 17273|6
17274|13837|17274, 4416, 9889, 21012, 9785, 13837|5
17274|2075|17274, 4416, 13142, 19657, 21075, 2075|5
17274|9921||Inf
17274|11788|17274, 4416, 25006, 1588, 15814, 19107, 9710, 11788|7
17274|22203|17274, 4416, 13142, 19657, 2072, 13190, 14020, 21663, 22203|8
17274|14154|17274, 4416, 13142, 15880, 3804, 3228, 14154|6
17274|12938|17274, 4416, 9889, 17655, 22691, 12938|5
17274|8717||Inf
17274|22574|17274, 4416, 23939, 1000, 5107, 12212, 22574|6
17274|6503|17274, 4416, 23939, 3006, 22100, 2394, 3743, 21184, 6503|8
17274|17818|17274, 4416, 13142, 7307, 7154, 5519, 17818|6
17274|11631|17274, 4416, 25006, 13929, 9572, 7459, 24932, 9264, 15495, 16505, 11631|10
17274|13705|17274, 4416, 25006, 1588, 18540, 10791, 13705|6
17274|1727|17274, 4416, 23939, 1000, 20716, 1727|5
17274|16659|17274, 4416, 23939, 13801, 14746, 16659|5
17274|3297||Inf
17274|21433|17274, 4416, 25006, 13929, 16006, 9629, 21433|6
17274|19244|17274, 4416, 23939, 23107, 19865, 19244|5
17274|24617|17274, 4416, 25006, 1588, 23967, 4364, 24617|6
17274|5993|17274, 4416, 25006, 13276, 7689, 5993|5
17274|4875|17274, 4416, 23939, 19297, 4241, 10476, 4875|6
17274|15188||Inf
17274|8862|17274, 4416, 25006, 13929, 9572, 7459, 8862|6
17274|6918|17274, 4416, 9889, 16906, 8116, 6918|5
17274|5843|17274, 4416, 23939, 5901, 22082, 3561, 16931, 5503, 5843|8
17274|17006|17274, 4416, 23939, 19297, 4241, 10476, 4875, 11844, 17006|8
17274|6838|17274, 4416, 25006, 13096, 15108, 1594, 6838|6
17274|23909|17274, 4416, 2155, 20122, 14265, 3593, 23909|6
17274|19324|17274, 4416, 23939, 13801, 14746, 19324|5
17274|4290|17274, 4416, 23939, 5901, 14308, 23836, 4290|6
17274|1407|17274, 4416, 13142, 1407|3
17274|16891||Inf
17274|4128||Inf
17274|4019||Inf
17274|17937|17274, 4416, 25006, 13096, 14599, 13520, 22224, 17937|7
17274|25674|17274, 4416, 23939, 19297, 10055, 17754, 25674|6
17274|11563|17274, 4416, 21798, 20850, 10427, 20595, 11563|6
17274|16976|17274, 4416, 25006, 13096, 23614, 543, 16976|6
17274|11113|17274, 4416, 23939, 5901, 14308, 23836, 11113|6
17274|7542||Inf
17274|6631|17274, 4416, 23939, 5901, 5597, 6631|5
17274|20654||Inf
17274|4143|17274, 4416, 25006, 13929, 14093, 21466, 4143|6
17274|25875|17274, 4416, 3630, 8768, 23038, 11231, 18122, 25875|7
17274|22599|17274, 4416, 3618, 14807, 570, 8701, 5464, 22599|7
17274|25896|17274, 4416, 13142, 23134, 25896|4
17274|25080|17274, 4416, 21798, 17603, 6700, 25080|5
17274|22887|17274, 4416, 3618, 14807, 22887|4
17274|15358||Inf
17274|9871||Inf
17274|20547|17274, 4416, 23939, 1000, 2115, 8666, 10081, 20547|7
17274|4115|17274, 4416, 9889, 17655, 22691, 4115|5
17274|2404|17274, 4416, 3618, 2404|3
17274|1404|17274, 4416, 23939, 13801, 14746, 20567, 1404|6
17274|23441|17274, 4416, 25006, 7264, 23441|4
17274|16324|17274, 4416, 9889, 9184, 25034, 3265, 16324|6
17274|19164|17274, 4416, 13142, 6408, 5835, 19164|5
17274|6535||Inf
17274|3877|17274, 4416, 23939, 1000, 20716, 3877|5
17274|21779|17274, 4416, 23939, 23107, 19865, 12491, 21779|6
17274|17681|17274, 4416, 25006, 13096, 23614, 3501, 17681|6
17274|17738|17274, 4416, 25006, 12545, 24057, 17738|5
17274|4431|17274, 4416, 9889, 2741, 18208, 4431|5
17274|10519|17274, 4416, 9889, 6774, 10243, 10235, 10519|6
17274|11037|17274, 4298, 1427, 11037|3
17274|5352|17274, 4416, 23939, 13801, 10588, 5352|5
17274|20635|17274, 4416, 9889, 2741, 20635|4
17274|16729|17274, 4416, 21798, 24293, 16729|4
17274|21187||Inf
17274|25089|17274, 4416, 9889, 9184, 25034, 3265, 17149, 21404, 25089|8
17274|10351|17274, 4416, 13142, 573, 1356, 16258, 10351|6
17274|3228|17274, 4416, 13142, 15880, 3804, 3228|5
17274|11002|17274, 4416, 25006, 13929, 21994, 11002|5
17274|5261||Inf
17274|25911|17274, 4416, 23939, 23107, 19865, 12491, 22876, 25911|7
17274|15582|17274, 4416, 23939, 1000, 4575, 15582|5
17274|24924|17274, 4416, 23939, 1000, 22644, 24924|5
17274|19146|17274, 4416, 25006, 12545, 3310, 10801, 19146|6
17274|8629|17274, 4416, 25006, 13096, 14599, 12806, 17731, 15357, 8629|8
17274|16281||Inf
17274|20383|17274, 4416, 9889, 17655, 4952, 8134, 20383|6
17274|1008|17274, 4416, 23939, 1000, 14485, 12334, 18051, 12627, 1008|8
17274|23967|17274, 4416, 25006, 1588, 23967|4
17274|6525|17274, 4416, 9889, 16906, 2443, 7650, 6525|6
17274|6387|17274, 4416, 20902, 20924, 12101, 1023, 6387|6
17274|10555|17274, 4416, 9889, 9184, 21646, 10555|5
17274|350||Inf
17274|20215|17274, 4416, 9889, 18579, 20215|4
17274|21858||Inf
17274|3164|17274, 4416, 25006, 20478, 1339, 3164|5
17274|13862|17274, 4416, 25006, 13276, 6971, 12587, 13862|6
17274|14547|17274, 4416, 25006, 20478, 18487, 14547|5
17274|284|17274, 4416, 9889, 2741, 19423, 25940, 6427, 284|7
17274|23623|17274, 4416, 9889, 2741, 18208, 8471, 23623|6
17274|10597|17274, 4416, 17187, 24559, 5052, 10597|5
17274|15163|17274, 4416, 25006, 13096, 14599, 12806, 17731, 15163|7
17274|22729||Inf
17274|10317||Inf
17274|20662|17274, 4416, 9889, 21012, 9785, 20532, 20662|6
17274|17245|17274, 4416, 23939, 5901, 3547, 17245|5
17274|24174|17274, 4416, 23939, 1000, 22644, 14952, 24174|6
17274|11047|17274, 4416, 13142, 7307, 11047|4
17274|8457|17274, 4416, 17187, 24559, 5052, 2287, 727, 8457|7
17274|24159||Inf
17274|6920|17274, 4416, 25006, 13929, 9572, 16310, 3113, 6920|7
17274|11840|17274, 4416, 13142, 7307, 14181, 15300, 11840|6
17274|6280|17274, 4416, 25006, 12545, 24057, 7463, 6280|6
17274|23300|17274, 4416, 9889, 17655, 22457, 11609, 23300|6
17274|14985|17274, 4416, 23939, 19297, 9124, 16741, 11891, 14985|7
17274|14661|17274, 4416, 9889, 2741, 18208, 14661|5
17274|19927|17274, 4416, 13142, 23134, 25896, 19927|5
17274|13486||Inf
17274|24203|17274, 4416, 9889, 17655, 4952, 1685, 26013, 24203|7
17274|15218||Inf
17274|8365|17274, 4416, 13142, 7307, 9017, 8365|5
17274|14||Inf
17274|1908||Inf
17274|4656|17274, 4416, 9889, 2741, 231, 24841, 4656|6
17274|25439|17274, 4416, 23939, 13801, 1488, 25439|5
17274|7069|17274, 4416, 13142, 14003, 24371, 15244, 15435, 7069|7
17274|22979|17274, 4416, 25006, 1588, 22979|4
17274|2339||Inf
17274|13990|17274, 4416, 25006, 13096, 23614, 3386, 23151, 16482, 13990|8
17274|14351|17274, 4416, 25006, 13096, 10762, 14351|5
17274|23687||Inf
17274|21310||Inf
17274|373||Inf
17274|20216||Inf
17274|8823|17274, 4416, 14344, 9755, 2654, 21860, 8823|6
17274|11183|17274, 4416, 25006, 5807, 2710, 106, 11183|6
17274|8335|17274, 4416, 14344, 9755, 20511, 8335|5
17274|3977|17274, 4416, 25006, 13276, 7689, 5993, 3977|6
17274|14003|17274, 4416, 13142, 14003|3
17274|21530||Inf
17274|16611|17274, 4416, 9889, 21012, 16611|4
17274|4782|17274, 4416, 23939, 1000, 4575, 4782|5
17274|22299|17274, 4416, 25006, 4550, 9862, 17501, 22299|6
17274|18195|17274, 4416, 3618, 21125, 18215, 18195|5
17274|28||Inf
17274|25442|17274, 4416, 9889, 17655, 12365, 25442|5
17274|17173||Inf
17274|22253||Inf
17274|1493|17274, 4416, 21798, 24293, 5385, 9090, 1493|6
17274|20915|17274, 4416, 23939, 1000, 20716, 1727, 20915|6
17274|12665|17274, 4416, 25006, 13096, 12665|4
17274|25948|17274, 4416, 23939, 1000, 25948|4
17274|13529|17274, 4416, 14344, 9755, 20511, 8335, 13529|6
17274|14781|17274, 4416, 25006, 12545, 18365, 17721, 14781|6
17274|19168|17274, 4416, 23939, 13801, 20100, 19168|5
17274|18619|17274, 4416, 14344, 9755, 20511, 18619|5
17274|7637||Inf
17274|4966|17274, 4416, 13142, 4966|3
17274|5597|17274, 4416, 23939, 5901, 5597|4
17274|10895|17274, 4416, 25006, 1588, 24696, 10895|5
17274|23175||Inf
17274|1101|17274, 4416, 25006, 13096, 15108, 9030, 1101|6
17274|510|17274, 4416, 9889, 17655, 22457, 17612, 11502, 510|7
17274|15718|17274, 4416, 23939, 1000, 14485, 23708, 15718|6
17274|11965||Inf
17274|14767|17274, 4416, 14344, 9755, 14767|4
17274|1006|17274, 4416, 25006, 13929, 16210, 1006|5
17274|23771||Inf
17274|3743|17274, 4416, 23939, 3006, 22100, 2394, 3743|6
17274|9579||Inf
17274|10463|17274, 4416, 25006, 1588, 15814, 19107, 9710, 10463|7
17274|15365|17274, 4416, 23939, 5901, 22082, 3561, 15365|6
17274|16496|17274, 4416, 13142, 7307, 3765, 23066, 17918, 3754, 16496|8
17274|885|17274, 4416, 17187, 24559, 16148, 7768, 18222, 885|7
17274|17665|17274, 4416, 25006, 13929, 25698, 5934, 17665|6
17274|5367|17274, 4416, 23939, 1000, 5107, 14864, 5367|6
17274|3062||Inf
17274|16719|17274, 4416, 25006, 13096, 14599, 9471, 16719|6
17274|1910|17274, 4416, 17187, 24559, 1910|4
17274|8928|17274, 4416, 25006, 13929, 9572, 2846, 8928|6
17274|13322|17274, 4416, 14344, 9755, 20511, 13322|5
17274|18952|17274, 4416, 25006, 1588, 23967, 4364, 18952|6
17274|17564|17274, 4416, 13142, 14924, 18408, 17564|5
17274|22815|17274, 4416, 25006, 20478, 22917, 23114, 22815|6
17274|13717||Inf
17274|8877|17274, 4416, 17187, 24559, 14615, 5488, 8877|6
17274|5228||Inf
17274|25091|17274, 4416, 23939, 1000, 13008, 11490, 25091|6
17274|17878|17274, 4416, 23939, 13801, 14746, 10022, 17878|6
17274|9217|17274, 4416, 25006, 13929, 10096, 9217|5
17274|4275|17274, 4416, 23939, 13801, 14746, 10022, 4275|6
17274|21558|17274, 4416, 14344, 9755, 20511, 18751, 1028, 21558|7
17274|4975|17274, 4416, 23939, 19297, 6941, 4975|5
17274|2742|17274, 4416, 25006, 13929, 9572, 2846, 2742|6
17274|15191|17274, 4416, 2155, 20122, 14265, 6030, 12664, 15191|7
17274|12235|17274, 4416, 25006, 13096, 10762, 13847, 10871, 19517, 3858, 2826, 12235|10
17274|22900|17274, 4416, 25006, 13929, 9572, 22900|5
17274|95|17274, 4416, 23939, 5901, 3547, 3048, 95|6
17274|7635|17274, 4416, 23939, 3006, 14834, 24718, 7635|6
17274|5202|17274, 4416, 23939, 1000, 5107, 17800, 24699, 5202|7
17274|22929|17274, 4416, 3630, 8768, 21379, 7087, 22929|6
17274|5057|17274, 4416, 9889, 18579, 2009, 5057|5
17274|2993|17274, 4416, 25006, 1588, 23967, 4364, 2993|6
17274|15931|17274, 4416, 13142, 14924, 15931|4
17274|23757||Inf
17274|7481|17274, 4416, 23939, 13801, 7481|4
17274|8888|17274, 4416, 23939, 13801, 14746, 8888|5
17274|24877|17274, 4416, 2155, 25172, 17419, 20328, 24877|6
17274|214|17274, 4416, 25006, 5807, 2710, 18757, 214|6
17274|17249|17274, 4416, 25006, 13096, 10762, 22336, 17249|6
17274|6064|17274, 4416, 25006, 12545, 2169, 8340, 6064|6
17274|16010|17274, 4416, 25006, 13929, 10096, 16010|5
17274|17228|17274, 4416, 9889, 9184, 25034, 17228|5
17274|23346|17274, 4416, 25006, 13929, 9572, 7712, 23346|6
17274|13010|17274, 4416, 25006, 12545, 5302, 23880, 13010|6
17274|7895|17274, 4416, 9889, 2741, 18208, 17536, 7895|6
17274|19131|17274, 4416, 25006, 13276, 7689, 19131|5
17274|6824|17274, 4416, 25006, 1588, 24696, 6824|5
17274|5828||Inf
17274|13711|17274, 4416, 9889, 17655, 4952, 13711|5
17274|12106|17274, 4416, 9889, 12675, 12106|4
17274|12980|17274, 4416, 14344, 9755, 23382, 12980|5
17274|7463|17274, 4416, 25006, 12545, 24057, 7463|5
17274|2449|17274, 4416, 13142, 9735, 22415, 2449|5
17274|13635|17274, 4416, 25006, 12545, 3677, 5172, 5181, 13635|7
17274|7087|17274, 4416, 3630, 8768, 21379, 7087|5
17274|15898|17274, 4416, 13142, 23134, 25896, 15898|5
17274|19140|17274, 4416, 14344, 9755, 21281, 19140|5
17274|4878|17274, 4416, 23939, 23107, 19865, 12491, 4878|6
17274|15248||Inf
17274|10158|17274, 4416, 25006, 13929, 9572, 10158|5
17274|2118||Inf
17274|19554||Inf
17274|24340|17274, 4416, 9889, 2741, 18208, 17536, 17379, 24340|7
17274|5400|17274, 4416, 13142, 7307, 7154, 12842, 5400|6
17274|15010|17274, 4416, 23939, 3006, 14834, 24718, 15010|6
17274|16065|17274, 4416, 13142, 15880, 2042, 16065|5
17274|15972|17274, 4416, 13142, 24001, 16994, 15972|5
17274|19434|17274, 4416, 23939, 23107, 8045, 12927, 19434|6
17274|302|17274, 4416, 23939, 1000, 13008, 302|5
17274|7727|17274, 4416, 23939, 5901, 5597, 23841, 6183, 7727|7
17274|16349|17274, 4416, 25006, 13096, 15108, 2556, 16349|6
17274|281|17274, 4416, 23939, 13801, 14746, 20567, 281|6
17274|16070|17274, 4416, 23939, 23107, 8045, 12927, 16070|6
17274|10350|17274, 4416, 25006, 8972, 12968, 20574, 10350|6
17274|2620|17274, 4416, 13142, 14003, 24371, 2620|5
17274|4036|17274, 4416, 9889, 17655, 22691, 4036|5
17274|19144|17274, 4416, 23939, 1000, 5107, 14864, 19144|6
17274|25962|17274, 4416, 2155, 20122, 14265, 17626, 4211, 25962|7
17274|17113|17274, 4416, 13142, 14924, 18408, 17038, 17113|6
17274|11280||Inf
17274|5231||Inf
17274|18098||Inf
17274|22319||Inf
17274|12213||Inf
17274|3980|17274, 4416, 25006, 15559, 3980|4
17274|5364||Inf
17274|23216|17274, 4416, 25006, 13096, 10762, 13847, 10871, 19517, 3858, 2826, 23216|10
17274|12302|17274, 4416, 23939, 5901, 14308, 23836, 12302|6
17274|10041|17274, 4416, 3618, 14807, 7956, 10041|5
17274|2116||Inf
17274|19080|17274, 4416, 23939, 1000, 5107, 19080|5
17274|21404|17274, 4416, 9889, 9184, 25034, 3265, 17149, 21404|7
17274|10526|17274, 4416, 25006, 1588, 15814, 19107, 9710, 10526|7
17274|6774|17274, 4416, 9889, 6774|3
17274|7719|17274, 4416, 14344, 9755, 9397, 7719|5
17274|25319|17274, 4416, 23939, 1000, 14485, 23647, 25319|6
17274|24454|17274, 4416, 23939, 1000, 13469, 24454|5
17274|16484||Inf
17274|8148|17274, 4416, 25006, 13096, 23614, 24833, 8148|6
17274|12291|17274, 4416, 25006, 12545, 676, 10456, 12291|6
17274|9504|17274, 4416, 3630, 8768, 21379, 6934, 25215, 9504|7
17274|13597|17274, 4416, 9889, 21012, 13597|4
17274|22318||Inf
17274|23063|17274, 4416, 25006, 13929, 11733, 23063|5
17274|880|17274, 4416, 21798, 20850, 4846, 7350, 7824, 880|7
17274|24129|17274, 4416, 13142, 7307, 7154, 12842, 24129|6
17274|16498|17274, 4416, 17187, 24559, 16498|4
17274|5634|17274, 4416, 23939, 19297, 9124, 5634|5
17274|5787|17274, 4416, 9889, 2741, 18894, 5787|5
17274|2713|17274, 4416, 9889, 9184, 25034, 2713|5
17274|10407||Inf
17274|10600|17274, 4416, 13142, 7307, 18788, 23665, 10600|6
17274|9147|17274, 4416, 3618, 17001, 9147|4
17274|18758|17274, 4416, 25006, 13276, 18758|4
17274|1293|17274, 4416, 9889, 16906, 2443, 7650, 1293|6
17274|18984||Inf
17274|5698|17274, 4416, 9889, 2741, 18208, 25607, 12720, 5698|7
17274|22832|17274, 4416, 23939, 19297, 25102, 1941, 22832|6
17274|11107|17274, 4416, 25006, 13096, 14599, 11107|5
17274|18983|17274, 4416, 23939, 19297, 6941, 18983|5
17274|2307|17274, 4416, 9889, 17655, 22457, 2307|5
17274|22028|17274, 4416, 25006, 1588, 18540, 13328, 22028|6
17274|13220|17274, 4416, 21798, 20850, 13220|4
17274|15422||Inf
17274|17274|17274|0
17274|3526|17274, 4416, 23939, 19297, 9124, 16741, 25408, 3526|7
17274|16505|17274, 4416, 25006, 13929, 9572, 7459, 24932, 9264, 15495, 16505|9
17274|3347||Inf
17274|21821||Inf
17274|16543|17274, 4416, 13142, 15880, 3804, 6218, 16543|6
17274|3653||Inf
17274|12306|17274, 4416, 25006, 20478, 18487, 12306|5
17274|12453|17274, 4416, 25006, 13096, 23614, 12453|5
17274|19446|17274, 4416, 13142, 14003, 24371, 15244, 19446|6
17274|7026||Inf
17274|4777||Inf
17274|26176|17274, 4416, 9889, 135, 26176|4
17274|22109|17274, 4416, 9889, 2741, 18208, 22109|5
17274|9392|17274, 4416, 25006, 13096, 10762, 13847, 10871, 9392|7
17274|19101|17274, 4416, 25006, 8063, 1896, 19101|5
17274|3948|17274, 4416, 25006, 4550, 20059, 4013, 3948|6
17274|19018||Inf
17274|14175||Inf
17274|5407|17274, 4416, 21798, 24293, 5407|4
17274|24060|17274, 4416, 25006, 13929, 16210, 24060|5
17274|6544|17274, 4416, 23939, 1000, 20716, 6544|5
17274|17463|17274, 4416, 23939, 13801, 14746, 11861, 17463|6
17274|13682|17274, 4416, 9889, 9184, 25034, 3265, 26038, 13682|7
17274|3818||Inf
17274|25718|17274, 4416, 25006, 13929, 11400, 11293, 25718|6
17274|18156||Inf
17274|25158|17274, 4416, 25006, 13276, 7689, 25158|5
17274|25235|17274, 4416, 14344, 9755, 25396, 12380, 25235|6
17274|9090|17274, 4416, 21798, 24293, 5385, 9090|5
17274|5210|17274, 4416, 23939, 3006, 14834, 24718, 5210|6
17274|25649|17274, 4416, 9889, 2741, 18208, 17536, 17379, 24340, 8446, 25649|9
17274|15971|17274, 4416, 23939, 1000, 22644, 14952, 15971|6
17274|18688||Inf
17274|19932||Inf
17274|23730|17274, 4416, 13142, 15880, 3804, 17194, 23730|6
17274|10765|17274, 4416, 2155, 20122, 14265, 11621, 10765|6
17274|20328|17274, 4416, 2155, 25172, 17419, 20328|5
17274|5519|17274, 4416, 13142, 7307, 7154, 5519|5
17274|23094||Inf
17274|727|17274, 4416, 17187, 24559, 5052, 2287, 727|6
17274|16230|17274, 4416, 25006, 13096, 20879, 20702, 16230|6
17274|824|17274, 4416, 25006, 20478, 18487, 824|5
17274|3594|17274, 4416, 25006, 13096, 23614, 3501, 3594|6
17274|21190|17274, 4416, 25006, 13096, 23614, 12453, 20765, 11537, 21190|8
17274|24846||Inf
17274|22618|17274, 4416, 25006, 5807, 2710, 106, 22, 22618|7
17274|14037|17274, 4416, 25006, 13929, 25698, 5934, 482, 14037|7
17274|5083||Inf
17274|8916|17274, 4416, 25006, 13276, 2591, 8916|5
17274|3811|17274, 4416, 21798, 24293, 5385, 9090, 3811|6
17274|5227|17274, 4416, 23939, 19297, 4241, 5227|5
17274|10253|17274, 4416, 2155, 25172, 5078, 20182, 10253|6
17274|3466|17274, 4416, 13142, 14924, 15931, 3466|5
17274|18544||Inf
17274|9471|17274, 4416, 25006, 13096, 14599, 9471|5
17274|25228|17274, 4416, 13142, 14924, 25228|4
17274|16819|17274, 4416, 9889, 2741, 19423, 6056, 16819|6
17274|13325||Inf
17274|3927|17274, 4416, 2155, 20122, 14265, 3927|5
17274|8031|17274, 4416, 13142, 6408, 5835, 19164, 8031|6
17274|20106|17274, 4416, 25006, 13929, 21994, 20106|5
17274|16154|17274, 4416, 25006, 13096, 15108, 2556, 13422, 16154|7
17274|19022|17274, 4416, 25006, 13276, 10711, 19022|5
17274|8150|17274, 4416, 3630, 8150|3
17274|5266|17274, 4416, 2155, 20122, 14265, 6030, 5266|6
17274|13191|17274, 4416, 9889, 9184, 17559, 21943, 13191|6
17274|21998|17274, 4416, 25006, 13929, 10096, 16368, 10923, 21998|7
17274|9717||Inf
17274|4793|17274, 4416, 13142, 15880, 3804, 6218, 4793|6
17274|12043|17274, 4416, 25006, 13096, 20827, 4896, 12043|6
17274|5251|17274, 4416, 14344, 9755, 20511, 5251|5
17274|3872|17274, 4416, 9889, 17655, 12365, 15552, 3872|6
17274|14807|17274, 4416, 3618, 14807|3
17274|12675|17274, 4416, 9889, 12675|3
17274|21028||Inf
17274|888|17274, 4416, 25006, 13276, 22778, 13614, 888|6
17274|260|17274, 4416, 25006, 5807, 2710, 260|5
17274|4146|17274, 4416, 9889, 21012, 21508, 4146|5
17274|22903|17274, 4416, 25006, 1588, 18540, 17082, 6823, 22903|7
17274|18905|17274, 4416, 23939, 1000, 9829, 18905|5
17274|23920|17274, 4416, 25006, 13929, 12130, 23920|5
17274|6056|17274, 4416, 9889, 2741, 19423, 6056|5
17274|4258|17274, 4416, 23939, 13801, 1488, 4258|5
17274|9618||Inf
