17274|24199|17274, 4416, 23939, 1000, 24199|4
17274|22976||Inf
17274|19807|17274, 4416, 25006, 13096, 10762, 19807|5
17274|26178|17274, 4416, 9889, 21012, 21508, 26178|5
17274|2720|17274, 4416, 23939, 19297, 9124, 2720|5
17274|13384|17274, 4416, 17187, 24559, 14615, 1217, 13384|6
17274|15681||Inf
17274|13346|17274, 4416, 2155, 13346|3
17274|4511|17274, 4416, 9889, 17655, 4511|4
17274|1765|17274, 4416, 17187, 24559, 16148, 1765|5
17274|9907|17274, 4416, 3630, 8768, 16414, 9907|5
17274|2076|17274, 4416, 25006, 1588, 15814, 16083, 2076|6
17274|16235|17274, 4416, 25006, 20478, 25582, 16235|5
17274|11035||Inf
17274|16087|17274, 4416, 23939, 23107, 8045, 12927, 16087|6
17274|10967|17274, 4416, 25006, 13929, 16006, 9629, 10967|6
17274|24861|17274, 4416, 25006, 13096, 14599, 9471, 24861|6
17274|6494|17274, 4416, 13142, 15880, 3804, 6857, 6494|6
17274|17304|17274, 4416, 23939, 1000, 22644, 24924, 23986, 17304|7
17274|24820||Inf
17274|4870|17274, 4416, 13142, 9735, 22415, 5175, 4870|6
17274|17724||Inf
17274|14370|17274, 4416, 21798, 24293, 624, 16032, 22423, 14370|7
17274|360||Inf
17274|9831||Inf
17274|19642|17274, 4416, 3618, 21125, 9248, 5862, 19642|6
17274|4272||Inf
17274|26127|17274, 4416, 23939, 13801, 26127|4
17274|15616|17274, 4416, 9889, 2741, 18208, 15616|5
17274|11052|17274, 4416, 25006, 5807, 2710, 13659, 11052|6
17274|820|17274, 4416, 9889, 21012, 15538, 21910, 14414, 820|7
17274|18634|17274, 4416, 25006, 12545, 18365, 19741, 23306, 15413, 3516, 18634|9
17274|4552|17274, 4416, 25006, 4550, 4552|4
17274|4278||Inf
17274|18940|17274, 4416, 13142, 7307, 18940|4
17274|21755|17274, 4416, 17187, 24559, 14615, 1217, 19877, 21755|7
17274|1217|17274, 4416, 17187, 24559, 14615, 1217|5
17274|5417|17274, 4416, 25006, 13276, 7689, 22426, 5655, 5417|7
17274|1013||Inf
17274|13318|17274, 4416, 9889, 21012, 15538, 21910, 13318|6
17274|8711||Inf
17274|13483|17274, 4416, 9889, 2741, 18208, 8471, 13483|6
17274|8671||Inf
17274|1010||Inf
17274|6558|17274, 4416, 25006, 12545, 2169, 4353, 6558|6
17274|13498|17274, 4416, 25006, 13929, 25698, 5934, 16469, 13498|7
17274|14982|17274, 4416, 25006, 1588, 13056, 14982|5
17274|19463|17274, 4416, 23939, 1000, 20716, 19463|5
17274|178|17274, 4416, 23939, 1000, 178|4
17274|4069|17274, 4416, 21798, 24293, 5385, 2080, 4069|6
17274|4013|17274, 4416, 25006, 4550, 20059, 4013|5
17274|15685|17274, 4416, 25006, 13929, 15685|4
17274|11583|17274, 4416, 25006, 13929, 10096, 16368, 10923, 21998, 11583|8
17274|2250|17274, 4416, 14344, 9755, 2250|4
17274|20489|17274, 4416, 23939, 13801, 12687, 18920, 5240, 9074, 20489|8
17274|7647||Inf
17274|21800|17274, 4416, 9889, 17655, 21800|4
17274|615|17274, 4416, 25006, 1588, 15814, 615|5
17274|938|17274, 4416, 23939, 1000, 5107, 17800, 24699, 5202, 938|8
17274|14534|17274, 4416, 3618, 24398, 14534|4
17274|20119|17274, 4416, 23939, 13801, 20119|4
17274|19809|17274, 4416, 3630, 8768, 23038, 9306, 19809|6
17274|22395|17274, 4416, 25006, 5807, 2710, 13659, 11052, 13859, 22395|8
17274|14638|17274, 4416, 13142, 24001, 16994, 14638|5
17274|1023|17274, 4416, 20902, 20924, 12101, 1023|5
17274|449|17274, 4416, 23939, 1000, 13469, 449|5
17274|7045|17274, 4416, 2155, 25172, 7045|4
17274|25978|17274, 4416, 2155, 20122, 14265, 11621, 25978|6
17274|22325||Inf
17274|21344||Inf
17274|2003|17274, 4416, 25006, 13096, 14599, 18331, 21220, 2003|7
17274|4353|17274, 4416, 25006, 12545, 2169, 4353|5
17274|24372|17274, 4416, 17187, 24559, 24814, 10310, 24372|6
17274|14600|17274, 4416, 25006, 8063, 1896, 14600|5
17274|20435|17274, 4416, 25006, 13929, 16006, 9629, 20435|6
17274|13205|17274, 4416, 25006, 5807, 2710, 13205|5
17274|17135|17274, 4416, 25006, 13929, 17135|4
17274|22734|17274, 4416, 25006, 13096, 10762, 22734|5
17274|9207|17274, 4416, 3630, 8768, 23038, 12654, 9207|6
17274|7109||Inf
17274|6806|17274, 4416, 3630, 8768, 23038, 12654, 2770, 6806|7
17274|6423||Inf
17274|9616|17274, 4416, 25006, 13929, 11733, 9616|5
17274|12689||Inf
17274|15816|17274, 4416, 9889, 135, 15816|4
17274|12745|17274, 4416, 25006, 13929, 11400, 9325, 12712, 12745|7
17274|9890|17274, 4416, 9889, 18736, 20373, 6264, 9890|6
17274|14872|17274, 4416, 21798, 24293, 5385, 9090, 3811, 14872|7
17274|10912|17274, 4416, 23939, 19297, 2752, 14123, 10912|6
17274|15081|17274, 4416, 25006, 1588, 23967, 6732, 15081|6
17274|12860|17274, 4416, 25006, 20478, 18487, 12860|5
17274|1346||Inf
17274|22108|17274, 4416, 25006, 13929, 11400, 11293, 22108|6
17274|24870|17274, 4416, 23939, 13801, 13999, 24870|5
17274|12664|17274, 4416, 2155, 20122, 14265, 6030, 12664|6
17274|14132||Inf
17274|15935|17274, 4416, 25006, 1588, 15814, 615, 15935|6
17274|3196||Inf
17274|3595|17274, 4416, 9889, 2741, 20635, 3595|5
17274|15626|17274, 4416, 9889, 2741, 18894, 5787, 11806, 8678, 15626|8
17274|19109|17274, 4416, 25006, 13096, 10762, 23246, 19109|6
17274|25271|17274, 4416, 17187, 24559, 5052, 25271|5
17274|9962||Inf
17274|20526|17274, 4416, 3630, 8768, 20148, 16521, 20526|6
17274|1695||Inf
17274|19143|17274, 4416, 2155, 25172, 5078, 19143|5
17274|320|17274, 4416, 25006, 13096, 15108, 320|5
17274|24708|17274, 4416, 9889, 16906, 2443, 7650, 14157, 24708|7
17274|25863|17274, 4416, 25006, 5807, 2710, 21543, 25863|6
17274|21816|17274, 4416, 23939, 19297, 19340, 2870, 22555, 20892, 10467, 21816|9
17274|2295|17274, 4416, 25006, 12545, 24057, 13673, 19800, 2295|7
17274|6868|17274, 4416, 9889, 16906, 2443, 7650, 6868|6
17274|19586|17274, 4416, 25006, 13096, 14599, 9471, 19586|6
17274|18396|17274, 4416, 20902, 20924, 12101, 1023, 18396|6
17274|24163|17274, 4416, 14344, 24163|3
17274|5497|17274, 4416, 23939, 1000, 2115, 5497|5
17274|1855|17274, 4416, 9889, 18579, 6482, 1855|5
17274|13931|17274, 4416, 25006, 13929, 10096, 21608, 13931|6
17274|12337|17274, 4416, 25006, 13929, 9572, 16310, 12337|6
17274|23383|17274, 4416, 9889, 17655, 12365, 25442, 23383|6
17274|15552|17274, 4416, 9889, 17655, 12365, 15552|5
17274|16921|17274, 4416, 9889, 9184, 21646, 16921|5
17274|16470||Inf
17274|244|17274, 4416, 23939, 1000, 22644, 14952, 244|6
17274|10682||Inf
17274|10517||Inf
17274|11459||Inf
17274|17001|17274, 4416, 3618, 17001|3
17274|12318|17274, 4416, 25006, 12545, 24057, 13673, 12318|6
17274|10081|17274, 4416, 23939, 1000, 2115, 8666, 10081|6
17274|21630|17274, 4416, 23939, 23107, 16694, 21630|5
17274|11196||Inf
17274|6919|17274, 4416, 13142, 7307, 21968, 19781, 6919|6
17274|16818||Inf
17274|19924|17274, 4416, 23939, 19297, 19340, 2870, 22555, 19924|7
17274|11379|17274, 4416, 25006, 13929, 11400, 11379|5
17274|11537|17274, 4416, 25006, 13096, 23614, 12453, 20765, 11537|7
17274|3772|17274, 4416, 9889, 18736, 10381, 22830, 3772|6
17274|12065|17274, 4416, 21798, 20850, 4846, 7350, 12065|6
17274|20217|17274, 4416, 17187, 24559, 5052, 2287, 20217|6
17274|6808|17274, 4416, 25006, 13929, 11400, 11293, 6808|6
17274|17740|17274, 4416, 13142, 19657, 2072, 15951, 17740|6
17274|4983|17274, 4416, 25006, 1588, 15814, 4983|5
17274|21171||Inf
17274|16946|17274, 4416, 9889, 17655, 22457, 16946|5
17274|3744||Inf
17274|4759|17274, 4416, 13142, 7307, 18940, 4759|5
17274|17207|17274, 4416, 25006, 13929, 25698, 17207|5
17274|10186|17274, 4416, 13142, 15880, 3804, 6556, 10186|6
17274|7857|17274, 4416, 23939, 1000, 2115, 18667, 7857|6
17274|19510||Inf
17274|11215||Inf
17274|16727|17274, 4416, 25006, 13096, 23614, 3386, 16727|6
17274|22428||Inf
17274|1711|17274, 4416, 25006, 13276, 10711, 1711|5
17274|5156||Inf
17274|25094|17274, 4416, 9889, 21012, 9785, 16674, 25094|6
17274|18648|17274, 4416, 9889, 6774, 10243, 18648|5
17274|731|17274, 4416, 9889, 2741, 18719, 731|5
17274|10931|17274, 4416, 23939, 19297, 4241, 21771, 10931|6
17274|23712|17274, 4416, 23939, 13801, 1488, 7444, 23712|6
17274|14976|17274, 4416, 13142, 15880, 3804, 6364, 14976|6
17274|22917|17274, 4416, 25006, 20478, 22917|4
17274|6307||Inf
17274|21712|17274, 4416, 25006, 13929, 11400, 11318, 25729, 17746, 21712|8
17274|7689|17274, 4416, 25006, 13276, 7689|4
17274|14325|17274, 4416, 2155, 25172, 5078, 20182, 15799, 14325|7
17274|12503|17274, 4416, 9889, 21012, 12503|4
17274|9039||Inf
17274|6513|17274, 4416, 23939, 19297, 9124, 5346, 23214, 6513|7
17274|25684|17274, 4416, 14344, 9755, 1653, 25684|5
17274|25231||Inf
17274|11066|17274, 4416, 25006, 13276, 2591, 16765, 11066|6
17274|14615|17274, 4416, 17187, 24559, 14615|4
17274|21579||Inf
17274|22611|17274, 4416, 25006, 1588, 15814, 19107, 22611|6
17274|4771|17274, 4416, 14344, 9755, 20511, 4771|5
17274|5469|17274, 4416, 13142, 15880, 3804, 6857, 24781, 5469|7
17274|4774|17274, 4416, 25006, 13096, 15108, 1594, 6838, 4774|7
17274|15416|17274, 4416, 23939, 1000, 14485, 8851, 15416|6
17274|14809|17274, 4416, 25006, 20478, 22917, 14286, 22806, 14809|7
17274|11175|17274, 4416, 9889, 21012, 21508, 11175|5
17274|25229|17274, 4416, 2155, 13346, 12040, 23870, 5485, 25229|7
17274|12473||Inf
17274|12321||Inf
17274|8441|17274, 4416, 23939, 23107, 8045, 12927, 8441|6
17274|4364|17274, 4416, 25006, 1588, 23967, 4364|5
17274|24614|17274, 4416, 23939, 5901, 24614|4
17274|25383|17274, 4416, 25006, 13276, 23770, 24753, 25383|6
17274|2530|17274, 4416, 13142, 9735, 22415, 2449, 2530|6
17274|6666|17274, 4416, 25006, 13096, 23614, 12453, 20765, 11537, 6666|8
17274|2532|17274, 4416, 23939, 5901, 22082, 3561, 15365, 2532|7
17274|25469|17274, 4416, 25006, 5807, 11416, 25469|5
17274|25902|17274, 4416, 25006, 12545, 24057, 25902|5
17274|11017|17274, 4416, 14344, 9755, 339, 11026, 11017|6
17274|23461||Inf
17274|15316|17274, 4416, 21798, 20850, 13220, 15316|5
17274|15641||Inf
17274|1029|17274, 4416, 23939, 5901, 14308, 23836, 17273, 1029|7
17274|18667|17274, 4416, 23939, 1000, 2115, 18667|5
17274|23614|17274, 4416, 25006, 13096, 23614|4
17274|20303|17274, 4416, 9889, 21012, 13597, 20303|5
17274|21199|17274, 4416, 25006, 4550, 9862, 17501, 21199|6
17274|4103|17274, 4416, 2155, 13346, 4103|4
17274|11233|17274, 4416, 17187, 24559, 24814, 11233|5
17274|2193|17274, 4416, 25006, 13096, 23614, 543, 2193|6
17274|6543|17274, 4416, 23939, 13801, 16647, 8511, 6543|6
17274|6446||Inf
17274|10026|17274, 4416, 21798, 20850, 13220, 10026|5
17274|12801||Inf
17274|22149|17274, 4416, 25006, 12545, 18365, 22149|5
17274|15941|17274, 4416, 25006, 12545, 2169, 4353, 15941|6
17274|16834|17274, 4416, 25006, 4550, 9862, 17501, 16834|6
17274|9023|17274, 4416, 13142, 7307, 9017, 9023|5
17274|17237||Inf
17274|16331|17274, 4416, 25006, 13096, 20879, 16331|5
17274|20893|17274, 4416, 9889, 2741, 19423, 15528, 20893|6
17274|2611||Inf
17274|18299|17274, 4416, 25006, 1588, 23967, 4364, 13404, 4488, 18299|8
17274|21593||Inf
17274|6388|17274, 4416, 13142, 14924, 18408, 6583, 6388|6
17274|20001|17274, 4416, 9889, 2741, 15003, 8612, 20001|6
17274|8505|17274, 4416, 25006, 13929, 8505|4
17274|22741|17274, 4416, 23939, 1000, 20716, 22741|5
17274|5271|17274, 4416, 9889, 2741, 231, 24841, 5271|6
17274|21809||Inf
17274|21407|17274, 4416, 25006, 13929, 16210, 21407|5
17274|25562|17274, 4416, 25006, 13929, 25562|4
17274|22601|17274, 4416, 23939, 1000, 20716, 22601|5
17274|17581|17274, 4416, 9889, 9184, 21646, 10555, 3524, 17581|7
17274|12863||Inf
17274|24464||Inf
17274|12612|17274, 4416, 14344, 9755, 20511, 18337, 12612|6
17274|10906||Inf
17274|832|17274, 4416, 21798, 24293, 624, 16032, 22423, 832|7
17274|24009|17274, 4416, 13142, 14924, 15959, 24009|5
17274|20716|17274, 4416, 23939, 1000, 20716|4
17274|19578|17274, 4416, 23939, 1000, 14485, 12334, 18051, 19578|7
17274|23943|17274, 4416, 25006, 13276, 22778, 23943|5
17274|16469|17274, 4416, 25006, 13929, 25698, 5934, 16469|6
17274|11923|17274, 4416, 23939, 1000, 22644, 9241, 11923|6
17274|864|17274, 4416, 9889, 17655, 4952, 1685, 864|6
17274|21401|17274, 4416, 13142, 7307, 14181, 10211, 2912, 21401|7
17274|8122|17274, 4416, 23939, 13801, 8122|4
17274|21157|17274, 4416, 25006, 13276, 2591, 3909, 16575, 14337, 21157|8
17274|1430|17274, 4416, 13142, 19657, 1430|4
17274|23812||Inf
17274|9946|17274, 4416, 13142, 15880, 20014, 11495, 9946|6
17274|3279||Inf
17274|9327|17274, 4416, 25006, 13276, 22778, 13614, 19084, 9327|7
17274|24219|17274, 4416, 23939, 1000, 4575, 24835, 24219|6
17274|16348|17274, 4416, 23939, 19297, 4241, 21771, 24097, 5225, 3849, 16348|9
17274|10113|17274, 4416, 25006, 13929, 12130, 10113|5
17274|23409|17274, 4416, 9889, 17655, 4952, 23409|5
17274|7014|17274, 4416, 14344, 9755, 7014|4
17274|13864|17274, 4416, 3630, 8768, 13864|4
17274|12874|17274, 4416, 23939, 12874|3
17274|9426|17274, 4416, 23939, 1000, 22644, 24924, 9426|6
17274|18193|17274, 4416, 25006, 13740, 19489, 18193|5
17274|12307||Inf
17274|22046|17274, 4416, 25006, 12545, 676, 10456, 22046|6
17274|15899||Inf
17274|14383|17274, 4416, 25006, 13096, 23614, 3501, 14383|6
17274|9710|17274, 4416, 25006, 1588, 15814, 19107, 9710|6
17274|6711|17274, 4416, 23939, 1000, 5605, 6711|5
17274|11426|17274, 4416, 13142, 7307, 14181, 15300, 11426|6
17274|11969||Inf
17274|19089|17274, 4416, 13142, 14924, 7277, 19089|5
17274|9408|17274, 4416, 13142, 14003, 24371, 20168, 1403, 9408|7
17274|3858|17274, 4416, 25006, 13096, 10762, 13847, 10871, 19517, 3858|8
17274|3752|17274, 4416, 23939, 1000, 22644, 14952, 3752|6
17274|23419|17274, 4416, 23939, 19297, 4241, 21771, 24097, 23419|7
17274|1045|17274, 4416, 23939, 5901, 5597, 8854, 1045|6
17274|25729|17274, 4416, 25006, 13929, 11400, 11318, 25729|6
17274|21814|17274, 4416, 9889, 17655, 22269, 21814|5
17274|12887|17274, 4416, 23939, 3006, 22100, 2394, 3743, 21184, 6503, 12887|9
17274|22620|17274, 4416, 23939, 13801, 1488, 22620|5
17274|8976|17274, 4416, 25006, 13096, 10762, 14351, 8976|6
17274|6219|17274, 4416, 13142, 14003, 24371, 6219|5
17274|13067|17274, 4416, 23939, 13801, 14746, 13067|5
17274|13413||Inf
17274|22555|17274, 4416, 23939, 19297, 19340, 2870, 22555|6
17274|15712||Inf
17274|19462|17274, 4416, 23939, 1000, 12070, 19462|5
17274|921|17274, 4416, 23939, 1000, 14485, 7188, 921|6
17274|833||Inf
17274|20538|17274, 4416, 25006, 13929, 23805, 23529, 20538|6
17274|4493|17274, 4416, 23939, 19297, 9124, 25931, 4493|6
17274|3982|17274, 4416, 21798, 24293, 5385, 3982|5
17274|23856||Inf
17274|18739|17274, 4416, 25006, 12545, 18739|4
17274|24240|17274, 4416, 3618, 14807, 25758, 12637, 12187, 24240|7
17274|6524|17274, 4416, 25006, 13276, 7689, 25158, 6524|6
17274|2004||Inf
17274|24706|17274, 4416, 25006, 1588, 18540, 17082, 6823, 24706|7
17274|7991|17274, 4416, 9889, 17655, 22457, 7991|5
17274|1880|17274, 4416, 13142, 14924, 15959, 24009, 1880|6
17274|4377|17274, 4416, 25006, 1588, 23967, 4364, 4377|6
17274|25595||Inf
17274|21018||Inf
17274|2074|17274, 4416, 23939, 1000, 5107, 2074|5
17274|19252||Inf
17274|3006|17274, 4416, 23939, 3006|3
17274|20776||Inf
17274|4748|17274, 4416, 14344, 9755, 4748|4
17274|11241|17274, 4416, 9889, 17655, 11241|4
17274|21658|17274, 4416, 13142, 19657, 2072, 13190, 14020, 21663, 22203, 21658|9
17274|24713|17274, 4416, 25006, 13096, 23614, 12453, 24713|6
17274|8891||Inf
17274|8718|17274, 4416, 2155, 20122, 14265, 8718|5
17274|9832||Inf
17274|17021|17274, 4416, 25006, 13276, 10711, 6468, 811, 17021|7
17274|8367|17274, 4416, 13142, 7307, 9017, 19900, 8367|6
17274|21696|17274, 4416, 9889, 2741, 19423, 25940, 6427, 21696|7
17274|19110|17274, 4416, 25006, 13929, 9572, 9721, 19110|6
17274|3964|17274, 4416, 2155, 25172, 17419, 20328, 3964|6
17274|22738|17274, 4416, 23939, 1000, 5107, 10996, 22738|6
17274|2341|17274, 4416, 13142, 6408, 12247, 5712, 2341|6
17274|22423|17274, 4416, 21798, 24293, 624, 16032, 22423|6
17274|22246|17274, 4416, 23939, 1000, 22644, 14952, 22246|6
17274|1825|17274, 4416, 14344, 9755, 21281, 19140, 1825|6
17274|16751|17274, 4416, 23939, 19297, 9124, 16741, 20243, 16751|7
17274|21777|17274, 4416, 25006, 13929, 11400, 11293, 21777|6
17274|6700|17274, 4416, 21798, 17603, 6700|4
17274|16513|17274, 4416, 25006, 13096, 23614, 24833, 21806, 1817, 16513|8
17274|5697||Inf
17274|20122|17274, 4416, 2155, 20122|3
17274|14664|17274, 4416, 13142, 15880, 2042, 14664|5
17274|23135|17274, 4416, 9889, 17655, 4952, 16899, 23135|6
17274|5655|17274, 4416, 25006, 13276, 7689, 22426, 5655|6
17274|8549|17274, 4416, 21798, 24293, 19640, 9639, 8549|6
17274|12645|17274, 4416, 25006, 13276, 10711, 1711, 6813, 12645|7
17274|734||Inf
17274|410||Inf
17274|3007|17274, 4416, 25006, 13096, 14599, 4697, 3007|6
17274|24583|17274, 4416, 13142, 14924, 24583|4
17274|2049|17274, 4416, 21798, 24293, 2049|4
17274|14372|17274, 4416, 9889, 21012, 21508, 14372|5
17274|13334||Inf
17274|9267|17274, 4416, 25006, 5807, 2710, 13659, 11052, 13859, 9267|8
17274|13202||Inf
17274|8968|17274, 4416, 25006, 13929, 21432, 8968|5
17274|10657|17274, 4416, 25006, 13929, 12130, 7050, 10657|6
17274|16674|17274, 4416, 9889, 21012, 9785, 16674|5
17274|13664|17274, 4416, 25006, 13929, 25698, 5934, 482, 13664|7
17274|267|17274, 4416, 3618, 14807, 25758, 12637, 12187, 24240, 267|8
17274|4822|17274, 4416, 23939, 19297, 9124, 5346, 4822|6
17274|8254|17274, 4416, 23939, 1000, 14485, 12334, 8254|6
17274|21861|17274, 4416, 14344, 9755, 9397, 21861|5
17274|12324|17274, 4416, 13142, 7307, 12324|4
17274|21697||Inf
17274|4700|17274, 4416, 23939, 19297, 9124, 4700|5
17274|3522||Inf
17274|17341|17274, 4416, 23939, 1000, 2115, 18443, 17341|6
17274|22377|17274, 4416, 23939, 13801, 14746, 22377|5
17274|19675|17274, 4416, 25006, 13096, 23614, 19675|5
17274|21808||Inf
17274|23454|17274, 4416, 25006, 4550, 4552, 491, 23454|6
17274|18444|17274, 4416, 9889, 16906, 2443, 7650, 18444|6
17274|13174|17274, 4416, 23939, 1000, 5107, 14864, 13174|6
17274|13614|17274, 4416, 25006, 13276, 22778, 13614|5
17274|17126|17274, 4416, 25006, 13929, 11400, 17126|5
17274|26|17274, 4416, 13142, 26|3
17274|25541|17274, 4416, 17187, 24559, 24814, 25541|5
17274|25850|17274, 4416, 25006, 13929, 12130, 7050, 25850|6
17274|22197|17274, 4416, 23939, 13801, 20100, 22197|5
17274|12885|17274, 4416, 13142, 14924, 18408, 6583, 12885|6
17274|1613|17274, 4416, 25006, 13096, 15108, 2556, 13422, 1613|7
17274|5365|17274, 4416, 25006, 1588, 15814, 5365|5
17274|4355|17274, 4416, 13142, 9735, 22415, 2449, 4355|6
17274|21562|17274, 4416, 23939, 5901, 3547, 3048, 21562|6
17274|2750|17274, 4416, 13142, 14924, 15959, 6154, 1073, 2750|7
17274|21615|17274, 4416, 3630, 8768, 23038, 9306, 9082, 23896, 21615|8
17274|6804|17274, 4416, 17187, 24559, 2501, 6804|5
17274|14970|17274, 4416, 25006, 13929, 9943, 10543, 14970|6
17274|7802|17274, 4416, 25006, 13929, 11400, 11293, 7802|6
17274|5570|17274, 4416, 17187, 24559, 7383, 11447, 5570|6
17274|15127|17274, 4416, 23939, 19297, 10055, 15127|5
17274|10427|17274, 4416, 21798, 20850, 10427|4
17274|18182|17274, 4416, 25006, 20478, 18487, 18182|5
17274|17843|17274, 4416, 23939, 13801, 12687, 17843|5
17274|8263||Inf
17274|13813|17274, 4416, 23939, 19297, 4241, 13813|5
17274|17194|17274, 4416, 13142, 15880, 3804, 17194|5
17274|9758|17274, 4416, 23939, 19297, 4241, 10476, 4875, 11844, 17006, 9758|9
17274|19909|17274, 4416, 25006, 13096, 14599, 12135, 24765, 19909|7
17274|7093|17274, 4416, 23939, 19297, 4241, 21771, 24097, 7093|7
17274|20599|17274, 4416, 25006, 1588, 18540, 10791, 16039, 20599|7
17274|22393|17274, 4416, 25006, 13276, 7689, 22393|5
17274|22691|17274, 4416, 9889, 17655, 22691|4
17274|14991|17274, 4416, 9889, 17655, 23293, 934, 14991|6
17274|16803|17274, 4416, 25006, 13276, 10711, 1711, 6813, 16803|7
17274|23558|17274, 4416, 25006, 13276, 10711, 23558|5
17274|6896|17274, 4416, 14344, 9755, 21281, 6896|5
17274|9306|17274, 4416, 3630, 8768, 23038, 9306|5
17274|16068|17274, 4416, 25006, 13276, 22778, 6638, 16068|6
17274|14983|17274, 4416, 23939, 1000, 5107, 14864, 14983|6
17274|21623||Inf
17274|9094||Inf
17274|8932|17274, 4416, 25006, 13276, 2591, 8916, 8932|6
17274|16676|17274, 4416, 13142, 573, 1356, 16676|5
17274|19528|17274, 4416, 23939, 1000, 23344, 20089, 24412, 19528|7
17274|19962|17274, 4416, 23939, 19297, 4241, 21771, 5767, 19962|7
17274|19895|17274, 4416, 23939, 13801, 1488, 19895|5
17274|20568|17274, 4416, 13142, 19657, 2072, 8195, 20568|6
17274|18736|17274, 4416, 9889, 18736|3
17274|11664|17274, 4416, 23939, 1000, 23344, 20089, 24412, 2997, 11664|8
17274|21167|17274, 4416, 25006, 13929, 10096, 21167|5
17274|18174|17274, 4416, 9889, 17655, 4511, 18174|5
17274|7861||Inf
17274|3804|17274, 4416, 13142, 15880, 3804|4
17274|11114|17274, 4416, 9889, 17655, 4952, 16162, 25540, 11114|7
17274|11464|17274, 4416, 14344, 9755, 2654, 21860, 11464|6
17274|12017||Inf
17274|11077|17274, 4416, 25006, 13929, 12130, 11077|5
17274|4288||Inf
17274|11892|17274, 4416, 13142, 7307, 9017, 17075, 11892|6
17274|2503|17274, 4416, 13142, 7307, 12472, 2503|5
17274|18279||Inf
17274|2773|17274, 4416, 23939, 13801, 16647, 8511, 2773|6
17274|6807|17274, 4416, 13142, 14924, 7277, 18782, 6807|6
17274|11968|17274, 4416, 23939, 1000, 2115, 18667, 7857, 11968|7
17274|5395|17274, 4416, 9889, 2741, 18208, 8471, 9037, 5395|7
17274|12212|17274, 4416, 23939, 1000, 5107, 12212|5
17274|3511|17274, 4416, 23939, 5901, 3547, 3511|5
17274|16042|17274, 4416, 25006, 8063, 1896, 19101, 715, 16042|7
17274|16177|17274, 4416, 9889, 17655, 4952, 21089, 16177|6
17274|20533|17274, 4416, 9889, 9184, 25034, 17228, 20533|6
17274|10445|17274, 4416, 25006, 13276, 2591, 16765, 10445|6
17274|1877|17274, 4416, 13142, 15880, 1877|4
17274|6337|17274, 4416, 23939, 13801, 16647, 8511, 6337|6
17274|16584|17274, 4416, 9889, 21012, 18543, 17956, 16584|6
17274|17125|17274, 4416, 13142, 11801, 21718, 24330, 12722, 17125|7
17274|25668|17274, 4416, 23939, 23107, 19865, 4724, 25668|6
17274|20803||Inf
17274|4135|17274, 4416, 17187, 24559, 4135|4
17274|17179||Inf
17274|9432|17274, 4416, 23939, 1000, 14485, 8851, 25286, 9432|7
17274|18723|17274, 4416, 21798, 24293, 5385, 18723|5
17274|375|17274, 4416, 23939, 19297, 9124, 5346, 10268, 375|7
17274|4472|17274, 4416, 23939, 23107, 19865, 4472|5
17274|9980|17274, 4416, 14344, 9755, 21281, 9980|5
17274|16266||Inf
17274|21695|17274, 4416, 23939, 3006, 22100, 2394, 3743, 21184, 6503, 21695|9
17274|4468|17274, 4416, 23939, 1000, 13469, 449, 4468|6
17274|20683|17274, 4416, 23939, 23107, 19865, 13556, 20683|6
17274|24439||Inf
17274|12338||Inf
17274|2783|17274, 4416, 13142, 14003, 24371, 20168, 1403, 2783|7
17274|19711|17274, 4416, 17187, 24559, 16148, 1765, 19711|6
17274|9924|17274, 4416, 14344, 9755, 20511, 18619, 9924|6
17274|11197||Inf
17274|85||Inf
17274|6442|17274, 4416, 25006, 13096, 23614, 3501, 6442|6
17274|3386|17274, 4416, 25006, 13096, 23614, 3386|5
17274|18215|17274, 4416, 3618, 21125, 18215|4
17274|25916|17274, 4416, 9889, 18736, 10381, 25916|5
17274|2119||Inf
17274|18676|17274, 4416, 9889, 2741, 18208, 11461, 18676|6
17274|25053|17274, 4416, 9889, 21012, 25053|4
17274|19023|17274, 4416, 25006, 13276, 2591, 3909, 16575, 16511, 19023|8
17274|18970||Inf
17274|21592|17274, 4416, 25006, 13096, 23614, 3501, 21592|6
17274|15960|17274, 4416, 13142, 14924, 18408, 15960|5
17274|15920|17274, 4416, 13142, 14924, 15920|4
17274|4186||Inf
17274|25839|17274, 4416, 9889, 2741, 18208, 17536, 17379, 24340, 8446, 25839|9
17274|12187|17274, 4416, 3618, 14807, 25758, 12637, 12187|6
17274|8403|17274, 4416, 9889, 18579, 8403|4
17274|22100|17274, 4416, 23939, 3006, 22100|4
17274|5240|17274, 4416, 23939, 13801, 12687, 18920, 5240|6
17274|1958|17274, 4416, 25006, 13096, 23614, 1958|5
17274|7267||Inf
17274|4469|17274, 4416, 25006, 13276, 10711, 17359, 396, 4469|7
17274|141|17274, 4416, 25006, 13929, 9572, 14102, 141|6
17274|1386|17274, 4416, 23939, 19297, 9124, 1386|5
17274|9025|17274, 4416, 21798, 24293, 19640, 9639, 9025|6
17274|5862|17274, 4416, 3618, 21125, 9248, 5862|5
17274|25359|17274, 4416, 9889, 21012, 9785, 22527, 25359|6
17274|8643|17274, 4416, 23939, 23107, 19865, 12491, 8643|6
17274|25172|17274, 4416, 2155, 25172|3
17274|22290|17274, 4416, 13142, 11801, 22290|4
17274|10726|17274, 4416, 9889, 17655, 22457, 3066, 10726|6
17274|16148|17274, 4416, 17187, 24559, 16148|4
17274|23146|17274, 4416, 25006, 20478, 22917, 23114, 23915, 23146|7
17274|24499|17274, 4416, 23939, 23107, 8045, 12927, 24499|6
17274|26191||Inf
17274|19161|17274, 4416, 25006, 13929, 9572, 16310, 3113, 19161|7
17274|3067||Inf
17274|26006||Inf
17274|19739|17274, 4416, 13142, 19657, 2072, 8195, 19739|6
17274|12676||Inf
17274|19645|17274, 4416, 13142, 9735, 22415, 2449, 19645|6
17274|11903|17274, 4416, 9889, 17655, 22457, 17612, 11903|6
17274|24023|17274, 4416, 9889, 2741, 19423, 24023|5
17274|6375|17274, 4416, 17187, 24559, 5052, 2287, 6375|6
17274|15066|17274, 4416, 25006, 13929, 25698, 5934, 15066|6
17274|10000|17274, 4416, 23939, 1000, 14485, 8851, 25286, 10000|7
17274|5578|17274, 4416, 9889, 21012, 5578|4
17274|13831|17274, 4416, 13142, 7307, 13831|4
17274|4641|17274, 4416, 25006, 13096, 14599, 13520, 22224, 4641|7
17274|11125|17274, 4416, 25006, 1588, 18540, 10791, 11125|6
17274|10907|17274, 4416, 25006, 13276, 2591, 3909, 10907|6
17274|8474||Inf
17274|16831|17274, 4416, 17187, 24559, 5717, 16831|5
17274|20550|17274, 4416, 3618, 14807, 570, 8701, 523, 20550|7
17274|20772|17274, 4416, 23939, 3006, 14834, 20772|5
17274|10432||Inf
17274|5062|17274, 4416, 23939, 1000, 22644, 24924, 9426, 5062|7
17274|6669||Inf
17274|20373|17274, 4416, 9889, 18736, 20373|4
17274|29|17274, 4416, 23939, 19297, 9124, 16741, 20243, 29|7
17274|9974|17274, 4416, 17187, 24559, 14615, 1217, 9974|6
17274|24734|17274, 4416, 25006, 13929, 25698, 5934, 24734|6
17274|10996|17274, 4416, 23939, 1000, 5107, 10996|5
17274|2654|17274, 4416, 14344, 9755, 2654|4
17274|6813|17274, 4416, 25006, 13276, 10711, 1711, 6813|6
17274|13282|17274, 4416, 25006, 13276, 13282|4
17274|19206|17274, 4416, 9889, 9184, 17559, 19206|5
17274|9491|17274, 4416, 25006, 13929, 11400, 9491|5
17274|23214|17274, 4416, 23939, 19297, 9124, 5346, 23214|6
17274|18052|17274, 4416, 13142, 7307, 18052|4
17274|18276|17274, 4416, 25006, 1588, 15814, 615, 18276|6
17274|14627|17274, 4416, 23939, 19297, 9124, 1310, 14627|6
17274|2655|17274, 4416, 25006, 13929, 9572, 2846, 1854, 2655|7
17274|5829|17274, 4416, 23939, 1000, 1149, 4189, 5829|6
17274|18455|17274, 4416, 25006, 4550, 20059, 4013, 23855, 546, 18455|8
17274|22989|17274, 4416, 9889, 2741, 18866, 20391, 25378, 22989|7
17274|19475|17274, 4416, 13142, 14924, 19475|4
17274|9572|17274, 4416, 25006, 13929, 9572|4
17274|21220|17274, 4416, 25006, 13096, 14599, 18331, 21220|6
17274|1834|17274, 4416, 25006, 13929, 25698, 5934, 482, 1834|7
17274|11528|17274, 4416, 23939, 1000, 20716, 1727, 22848, 6878, 11528|8
17274|8811||Inf
17274|2222||Inf
17274|8000|17274, 4416, 23939, 19297, 4241, 21771, 24097, 8000|7
17274|20421|17274, 4416, 17187, 24559, 5052, 15159, 20421|6
17274|19710|17274, 4416, 13142, 15880, 2042, 19710|5
17274|18908||Inf
17274|17331|17274, 4416, 21798, 17603, 6700, 17331|5
17274|21723|17274, 4416, 23939, 5901, 14308, 23836, 21723|6
17274|14004|17274, 4416, 9889, 2741, 15003, 8612, 14004|6
17274|14844||Inf
17274|19162||Inf
17274|25095||Inf
17274|6744||Inf
17274|1425|17274, 4416, 23939, 1000, 1149, 1425|5
17274|3032|17274, 4416, 17187, 24559, 16148, 3032|5
17274|17696||Inf
17274|15665|17274, 4416, 25006, 13096, 15108, 2556, 13422, 15665|7
17274|20335|17274, 4416, 13142, 14924, 15959, 6154, 20335|6
17274|21156|17274, 4416, 13142, 19657, 21075, 21156|5
17274|19697|17274, 4416, 13142, 7307, 7154, 5519, 19697|6
17274|19495|17274, 4416, 13142, 14003, 7442, 19495|5
17274|4023|17274, 4416, 25006, 13096, 20647, 4023|5
17274|16963|17274, 4416, 13142, 15880, 2042, 16963|5
17274|16554|17274, 4416, 25006, 8063, 1896, 19101, 16554|6
17274|17750||Inf
17274|23110|17274, 4416, 25006, 13929, 23110|4
17274|14550|17274, 4416, 25006, 1588, 13056, 1787, 14550|6
17274|294||Inf
17274|12155|17274, 4416, 25006, 13929, 9572, 7459, 8862, 12155|7
17274|8312|17274, 4416, 2155, 20122, 14265, 11621, 8312|6
17274|3066|17274, 4416, 9889, 17655, 22457, 3066|5
17274|7307|17274, 4416, 13142, 7307|3
17274|3059|17274, 4416, 25006, 13929, 9572, 23637, 3059|6
17274|16482|17274, 4416, 25006, 13096, 23614, 3386, 23151, 16482|7
17274|14924|17274, 4416, 13142, 14924|3
17274|18365|17274, 4416, 25006, 12545, 18365|4
17274|2558|17274, 4416, 9889, 21012, 15538, 2558|5
17274|20375|17274, 4416, 9889, 21012, 18543, 20375|5
17274|21549|17274, 4416, 25006, 13929, 10096, 21608, 21549|6
17274|20150||Inf
17274|22188|17274, 4416, 25006, 13929, 22188|4
17274|7475|17274, 4416, 23939, 13801, 12687, 4673, 7475|6
17274|3607|17274, 4416, 13142, 6408, 5835, 7245, 14690, 3607|7
17274|7515||Inf
17274|7588||Inf
17274|2259||Inf
17274|24398|17274, 4416, 3618, 24398|3
17274|2142|17274, 4416, 20902, 20924, 2142|4
17274|13802||Inf
17274|20191|17274, 4416, 13142, 7307, 18940, 20191|5
17274|4633||Inf
17274|18443|17274, 4416, 23939, 1000, 2115, 18443|5
17274|5840|17274, 4416, 25006, 1588, 23967, 6732, 5840|6
17274|16817|17274, 4416, 16817|2
17274|6891|17274, 4416, 23939, 1000, 5107, 14864, 6891|6
17274|13999|17274, 4416, 23939, 13801, 13999|4
17274|2087|17274, 4416, 25006, 1588, 23967, 4364, 2087|6
17274|3450|17274, 4416, 13142, 11801, 21718, 2607, 3450|6
17274|25354|17274, 4416, 17187, 24559, 25354|4
17274|13164|17274, 4416, 9889, 2741, 15003, 13164|5
17274|14498|17274, 4416, 13142, 19657, 2072, 14498|5
17274|9128|17274, 4416, 2155, 13346, 9128|4
17274|12798||Inf
17274|20320||Inf
17274|19781|17274, 4416, 13142, 7307, 21968, 19781|5
17274|23092|17274, 4416, 25006, 13929, 21994, 23092|5
17274|16020|17274, 4416, 2155, 20122, 14265, 16020|5
17274|8216|17274, 4416, 13142, 19657, 2072, 8216|5
17274|165|17274, 4416, 13142, 15880, 3804, 165|5
17274|7524|17274, 4416, 21798, 24293, 15184, 15005, 7524|6
17274|5953|17274, 4416, 13142, 5953|3
17274|8055|17274, 4416, 25006, 13096, 23614, 12453, 20765, 8055|7
17274|6161||Inf
17274|19222||Inf
17274|16352|17274, 4416, 21798, 24293, 19640, 9639, 16352|6
17274|23465||Inf
17274|19906||Inf
17274|24204|17274, 4416, 17187, 24559, 14615, 1217, 13384, 24204|7
17274|4284|17274, 4416, 9889, 21012, 9785, 3839, 4284|6
17274|269|17274, 4416, 17187, 24559, 14615, 1217, 269|6
