17274|3048|17274, 4416, 23939, 5901, 3547, 3048|5
17274|22278|17274, 4416, 13142, 19657, 22278|4
17274|11213|17274, 4416, 23939, 5901, 22082, 3561, 16931, 5503, 11213|8
17274|13481|17274, 4416, 25006, 13276, 6971, 12587, 13481|6
17274|8369|17274, 4416, 23939, 23107, 11964, 5510, 7893, 593, 8369|8
17274|24451||Inf
17274|24597||Inf
17274|20000|17274, 4416, 23939, 13801, 14746, 20000|5
17274|24594||Inf
17274|20924|17274, 4416, 20902, 20924|3
17274|3312|17274, 4416, 25006, 13276, 23770, 3312|5
17274|25571|17274, 4416, 25006, 13929, 21994, 23092, 16429, 25571|7
17274|13320|17274, 4416, 25006, 12545, 676, 10456, 13320|6
17274|24161||Inf
17274|18366|17274, 4416, 23939, 13801, 12687, 18920, 5240, 12425, 7546, 18366|9
17274|1941|17274, 4416, 23939, 19297, 25102, 1941|5
17274|22083|17274, 4416, 21798, 24293, 15184, 15005, 22083|6
17274|6156|17274, 4416, 13142, 14003, 24371, 15244, 6156|6
17274|17626|17274, 4416, 2155, 20122, 14265, 17626|5
17274|185|17274, 4416, 23939, 1000, 20716, 22601, 185|6
17274|10391|17274, 4416, 23939, 1000, 14485, 23708, 21650, 10391|7
17274|523|17274, 4416, 3618, 14807, 570, 8701, 523|6
17274|25854|17274, 4416, 9889, 2741, 19423, 25940, 6427, 25854|7
17274|17343|17274, 4416, 2155, 25172, 17419, 20328, 21621, 17343|7
17274|9188|17274, 4416, 25006, 12545, 5302, 23880, 9188|6
17274|21029|17274, 4416, 2155, 13346, 12040, 23870, 11902, 21029|7
17274|17266|17274, 4416, 17187, 24559, 17266|4
17274|17017|17274, 4416, 25006, 12545, 18365, 17721, 17017|6
17274|16835|17274, 4416, 9889, 2741, 19423, 25940, 6427, 16835|7
17274|18000|17274, 4416, 9889, 16906, 2443, 7650, 18000|6
17274|24595|17274, 4416, 23939, 23107, 19865, 12491, 22242, 24595|7
17274|4366||Inf
17274|11577||Inf
17274|24128||Inf
17274|24029|17274, 4416, 21798, 20850, 13220, 24029|5
17274|12617||Inf
17274|18227|17274, 4416, 13142, 14003, 7442, 18227|5
17274|4554|17274, 4416, 17187, 24559, 4554|4
17274|4727|17274, 4416, 25006, 15559, 4727|4
17274|3875|17274, 4416, 23939, 23107, 19865, 13556, 17968, 3875|7
17274|18159|17274, 4416, 23939, 13801, 1488, 20315, 2797, 18159|7
17274|6530|17274, 4416, 9889, 9184, 21646, 16921, 6530|6
17274|23418|17274, 4416, 13142, 7307, 14181, 14430, 18684, 23418|7
17274|24127||Inf
17274|352|17274, 4416, 9889, 9184, 25034, 17228, 352|6
17274|24615|17274, 4416, 9889, 16906, 2443, 7650, 24615|6
17274|6465|17274, 4416, 21798, 20850, 10427, 20595, 6465|6
17274|27|17274, 4416, 9889, 17655, 4952, 16162, 25540, 27|7
17274|8058||Inf
17274|20434|17274, 4416, 9889, 2741, 18208, 8471, 9037, 18314, 20434|8
17274|24699|17274, 4416, 23939, 1000, 5107, 17800, 24699|6
17274|9893|17274, 4416, 3630, 8768, 20148, 16521, 20526, 9893|7
17274|14843|17274, 4416, 25006, 13740, 19489, 18193, 14843|6
17274|5621|17274, 4416, 14344, 9755, 5621|4
17274|20956|17274, 4416, 25006, 20478, 17330, 20956|5
17274|12122||Inf
17274|11893||Inf
17274|21339||Inf
17274|25060|17274, 4416, 21798, 24293, 19640, 9639, 25060|6
17274|3852||Inf
17274|8807|17274, 4416, 23939, 5901, 3547, 17245, 8807|6
17274|9486|17274, 4416, 25006, 13096, 23614, 12453, 20765, 9486|7
17274|16234|17274, 4416, 23939, 1000, 1149, 16234|5
17274|23855|17274, 4416, 25006, 4550, 20059, 4013, 23855|6
17274|12121|17274, 4416, 9889, 21012, 15538, 21910, 13318, 13749, 12121|8
17274|23138|17274, 4416, 25006, 8063, 1896, 23138|5
17274|8302||Inf
17274|17731|17274, 4416, 25006, 13096, 14599, 12806, 17731|6
17274|19147|17274, 4416, 25006, 13740, 19489, 16747, 19147|6
17274|20116|17274, 4416, 25006, 13929, 20116|4
17274|5302|17274, 4416, 25006, 12545, 5302|4
17274|3873|17274, 4416, 13142, 19657, 21075, 3873|5
17274|1278|17274, 4416, 9889, 21012, 6610, 22798, 1278|6
17274|6072||Inf
17274|25358|17274, 4416, 23939, 1000, 23344, 25358|5
17274|25975||Inf
17274|2516|17274, 4416, 25006, 13929, 10096, 16368, 10923, 2516|7
17274|3102||Inf
17274|10148||Inf
17274|10268|17274, 4416, 23939, 19297, 9124, 5346, 10268|6
17274|22225|17274, 4416, 14344, 9755, 2654, 7985, 22225|6
17274|6468|17274, 4416, 25006, 13276, 10711, 6468|5
17274|5477|17274, 4416, 25006, 13096, 15108, 14496, 5477|6
17274|22462|17274, 4416, 13142, 7307, 14181, 2165, 22462|6
17274|7926|17274, 4416, 23939, 1000, 4575, 7926|5
17274|16261|17274, 4416, 2155, 20122, 14265, 16261|5
17274|26038|17274, 4416, 9889, 9184, 25034, 3265, 26038|6
17274|13673|17274, 4416, 25006, 12545, 24057, 13673|5
17274|9870|17274, 4416, 23939, 19297, 9124, 9870|5
17274|25236|17274, 4416, 3630, 8768, 21754, 25435, 25236|6
17274|3812|17274, 4416, 9889, 16906, 2443, 7650, 3812|6
17274|17918|17274, 4416, 13142, 7307, 3765, 23066, 17918|6
17274|8552|17274, 4416, 17187, 24559, 8552|4
17274|25582|17274, 4416, 25006, 20478, 25582|4
17274|13355|17274, 4416, 25006, 5807, 2710, 106, 22, 25043, 13355|8
17274|23246|17274, 4416, 25006, 13096, 10762, 23246|5
17274|2879|17274, 4416, 23939, 19297, 4241, 10476, 4875, 11844, 17006, 9758, 2879|10
17274|11557|17274, 4416, 13142, 15880, 3804, 3228, 11557|6
17274|3053|17274, 4416, 25006, 13929, 9572, 1375, 3053|6
17274|16675|17274, 4416, 23939, 1000, 22644, 24924, 23986, 16675|7
17274|23866|17274, 4416, 13142, 15880, 3804, 3228, 11557, 24183, 23866|8
17274|18587|17274, 4416, 23939, 1000, 22644, 24924, 23986, 18587|7
17274|16389|17274, 4416, 25006, 20478, 16389|4
17274|19551|17274, 4416, 23939, 19297, 4241, 10476, 4875, 11844, 17006, 19551|9
17274|1376||Inf
17274|21191||Inf
17274|7625|17274, 4416, 9889, 17655, 4952, 7625|5
17274|6024|17274, 4416, 25006, 13096, 15108, 6024|5
17274|9773|17274, 4416, 9889, 2741, 18208, 17536, 9773|6
17274|10841|17274, 4416, 17187, 24559, 24814, 10310, 10841|6
17274|1150|17274, 4416, 17187, 24559, 14615, 1217, 1150|6
17274|4490|17274, 4416, 3618, 4490|3
17274|2656||Inf
17274|9027|17274, 4416, 21798, 24293, 5385, 9090, 3811, 9027|7
17274|5268||Inf
17274|13311|17274, 4416, 23939, 13801, 1488, 25107, 13311|6
17274|2332||Inf
17274|4052|17274, 4416, 25006, 13276, 22366, 18511, 4052|6
17274|8280|17274, 4416, 2155, 20122, 14265, 3939, 8280|6
17274|8732|17274, 4416, 23939, 13801, 14746, 8732|5
17274|17934|17274, 4416, 13142, 7307, 7154, 12842, 17934|6
17274|1963|17274, 4416, 25006, 13276, 10711, 1963|5
17274|11028||Inf
17274|24559|17274, 4416, 17187, 24559|3
17274|15305|17274, 4416, 23939, 13801, 20100, 15305|5
17274|18791|17274, 4416, 13142, 7307, 18788, 23665, 18791|6
17274|8374|17274, 4416, 23939, 23107, 8374|4
17274|20422||Inf
17274|19167|17274, 4416, 9889, 17655, 4952, 19167|5
17274|19466||Inf
17274|21825|17274, 4416, 13142, 14924, 18408, 6583, 21825|6
17274|1267|17274, 4416, 23939, 3006, 14834, 1267|5
17274|7935|17274, 4416, 13142, 23134, 7935|4
17274|18235|17274, 4416, 17187, 24559, 5052, 18235|5
17274|2136||Inf
17274|9735|17274, 4416, 13142, 9735|3
17274|15311|17274, 4416, 23939, 3006, 15311|4
17274|717||Inf
17274|25419|17274, 4416, 23939, 19297, 639, 7125, 25419|6
17274|6825|17274, 4416, 13142, 573, 1356, 6825|5
17274|16565|17274, 4416, 13142, 15880, 3804, 6218, 16565|6
17274|15942|17274, 4416, 3630, 8768, 23038, 9306, 9082, 15942|7
17274|6706||Inf
17274|10847||Inf
17274|11566||Inf
17274|21554|17274, 4416, 25006, 7264, 21287, 23423, 19890, 21554|7
17274|6081|17274, 4416, 13142, 7307, 21968, 19781, 6081|6
17274|15171|17274, 4416, 23939, 13801, 20100, 15305, 15171|6
17274|14374|17274, 4416, 21798, 20850, 10427, 20595, 17385, 3843, 14374|8
17274|10004|17274, 4416, 25006, 13096, 23614, 12453, 10004|6
17274|6218|17274, 4416, 13142, 15880, 3804, 6218|5
17274|22730||Inf
17274|1822|17274, 4416, 23939, 3006, 22100, 2394, 3743, 21184, 6503, 1822|9
17274|15708|17274, 4416, 20902, 20924, 12101, 1023, 15708|6
17274|7718||Inf
17274|6456|17274, 4416, 9889, 16906, 2443, 7650, 6456|6
17274|21531||Inf
17274|10881|17274, 4416, 14344, 9755, 9397, 3651, 10881|6
17274|13333|17274, 4416, 3630, 8768, 23038, 9306, 9082, 23896, 13333|8
17274|10601|17274, 4416, 25006, 5807, 2710, 10601|5
17274|26092||Inf
17274|4960|17274, 4416, 9889, 17655, 12365, 7844, 4960|6
17274|4261|17274, 4416, 23939, 3006, 22100, 2394, 3743, 21184, 6503, 21695, 4261|10
17274|19247|17274, 4416, 23939, 19297, 4241, 21771, 24097, 5225, 7010, 19247|9
17274|24961||Inf
17274|5392|17274, 4416, 25006, 13929, 25698, 5934, 5392|6
17274|8523|17274, 4416, 23939, 23107, 19865, 2511, 8523|6
17274|4139|17274, 4416, 25006, 13929, 11400, 11372, 4139|6
17274|5067|17274, 4416, 21798, 24293, 19640, 9639, 5067|6
17274|4283|17274, 4416, 13142, 4283|3
17274|8922|17274, 4416, 3618, 14807, 4164, 8922|5
17274|21594|17274, 4416, 25006, 13276, 2591, 16765, 10445, 21594|7
17274|14543||Inf
17274|20926||Inf
17274|21614|17274, 4416, 23939, 13801, 21614|4
17274|11812|17274, 4416, 23939, 5901, 14403, 18088, 11812|6
17274|20553|17274, 4416, 23939, 1000, 13469, 449, 20553|6
17274|22493|17274, 4416, 23939, 5901, 22493|4
17274|3754|17274, 4416, 13142, 7307, 3765, 23066, 17918, 3754|7
17274|21811|17274, 4416, 25006, 8063, 1896, 19101, 715, 21811|7
17274|24270|17274, 4416, 3630, 8768, 24270|4
17274|22990||Inf
17274|3194|17274, 4416, 13142, 7307, 7154, 12842, 3194|6
17274|1606|17274, 4416, 14344, 9755, 2654, 7985, 1606|6
17274|17156|17274, 4416, 2155, 20122, 14265, 17156|5
17274|19922|17274, 4416, 25006, 4550, 20059, 4013, 23855, 19922|7
17274|8305|17274, 4416, 25006, 7264, 8305|4
17274|5672|17274, 4416, 21798, 20850, 4846, 5672|5
17274|13966|17274, 4416, 3618, 21125, 9248, 13966|5
17274|3953|17274, 4416, 9889, 21012, 15538, 21910, 22119, 3953|7
17274|3716|17274, 4416, 13142, 15880, 3804, 6218, 3716|6
17274|14128|17274, 4416, 25006, 14128|3
17274|23511|17274, 4416, 9889, 17655, 22691, 23511|5
17274|15409|17274, 4416, 25006, 13276, 15409|4
17274|6079||Inf
17274|5065|17274, 4416, 20902, 20924, 12101, 1023, 5065|6
17274|17426|17274, 4416, 25006, 13929, 9572, 7459, 24932, 17426|7
17274|5995|17274, 4416, 2155, 20122, 14265, 6030, 5266, 5995|7
17274|14869|17274, 4416, 9889, 18736, 10381, 25916, 19580, 14869|7
17274|9414|17274, 4416, 2155, 25172, 17419, 20328, 9414|6
17274|13190|17274, 4416, 13142, 19657, 2072, 13190|5
17274|22464|17274, 4416, 25006, 13096, 23614, 22464|5
17274|18613|17274, 4416, 14344, 9755, 20511, 18256, 18613|6
17274|23554||Inf
17274|11610|17274, 4416, 25006, 13276, 11696, 11610|5
17274|21432|17274, 4416, 25006, 13929, 21432|4
17274|20517|17274, 4416, 3630, 8768, 20148, 20517|5
17274|800||Inf
17274|7154|17274, 4416, 13142, 7307, 7154|4
17274|23412|17274, 4416, 23939, 13801, 23412|4
17274|5137||Inf
17274|7010|17274, 4416, 23939, 19297, 4241, 21771, 24097, 5225, 7010|8
17274|20663|17274, 4416, 13142, 7307, 12472, 20663|5
17274|15419|17274, 4416, 25006, 13929, 9572, 16310, 15419|6
17274|3825|17274, 4416, 9889, 2741, 19423, 15528, 3825|6
17274|5116|17274, 4416, 23939, 1000, 5107, 5116|5
17274|8972|17274, 4416, 25006, 8972|3
17274|24252|17274, 4416, 25006, 13096, 10762, 13847, 10871, 24252|7
17274|8442|17274, 4416, 13142, 15880, 3804, 6218, 16543, 238, 8442|8
17274|21832|17274, 4416, 17187, 24559, 24814, 21832|5
17274|15962||Inf
17274|16877|17274, 4416, 25006, 13929, 9572, 16310, 3113, 16877|7
17274|13321|17274, 4416, 25006, 13929, 9572, 7712, 13321|6
17274|12263|17274, 4416, 23939, 13801, 26127, 1229, 12263|6
17274|9184|17274, 4416, 9889, 9184|3
17274|18032|17274, 4416, 9889, 9184, 25034, 18032|5
17274|5131|17274, 4416, 9889, 16906, 2443, 7650, 5131|6
17274|13496|17274, 4416, 13142, 7307, 18788, 23665, 13496|6
17274|16971||Inf
17274|10904||Inf
17274|24726|17274, 4416, 9889, 17655, 4952, 16162, 25540, 24726|7
17274|17932|17274, 4416, 9889, 17655, 12365, 26190, 17932|6
17274|15524|17274, 4416, 23939, 5901, 3547, 3048, 95, 15524|7
17274|19940|17274, 4416, 9889, 9184, 19940|4
17274|3730|17274, 4416, 14344, 9755, 339, 3730|5
17274|23458|17274, 4416, 23939, 19297, 23458|4
17274|26170|17274, 4416, 3618, 14807, 570, 8701, 26170|6
17274|14542|17274, 4416, 2155, 20122, 14265, 3939, 14542|6
17274|18250|17274, 4416, 23939, 1000, 18250|4
17274|20560||Inf
17274|15580|17274, 4416, 25006, 20478, 15580|4
17274|17182|17274, 4416, 3618, 14807, 4164, 17182|5
17274|21194|17274, 4416, 13142, 573, 1356, 16258, 21194|6
17274|676|17274, 4416, 25006, 12545, 676|4
17274|8151|17274, 4416, 25006, 13096, 14599, 9471, 8151|6
17274|11712|17274, 4416, 25006, 13096, 10762, 11712|5
17274|9993|17274, 4416, 3630, 8768, 23038, 9993|5
17274|24601|17274, 4416, 20902, 20924, 24601|4
17274|19936||Inf
17274|16953|17274, 4416, 23939, 1000, 22644, 16953|5
17274|4513|17274, 4416, 9889, 17655, 4513|4
17274|4182|17274, 4416, 13142, 19657, 21075, 4182|5
17274|1248|17274, 4416, 23939, 1000, 178, 1248|5
17274|1823|17274, 4416, 25006, 13096, 14599, 18331, 21220, 1823|7
17274|15006|17274, 4416, 21798, 24293, 624, 16032, 22423, 15006|7
17274|4032|17274, 4416, 13142, 15880, 4032|4
17274|2338|17274, 4416, 13142, 9735, 22415, 2449, 2338|6
17274|8178|17274, 4416, 2155, 20122, 14265, 6030, 5266, 8178|7
17274|19443|17274, 4416, 9889, 16906, 2443, 7650, 14157, 19443|7
17274|15187||Inf
17274|12803|17274, 4416, 23939, 13801, 12687, 12803|5
17274|20543||Inf
17274|3839|17274, 4416, 9889, 21012, 9785, 3839|5
17274|18209|17274, 4416, 13142, 14003, 18209|4
17274|21100|17274, 4416, 9889, 17655, 4952, 21089, 21100|6
17274|6037||Inf
17274|12296|17274, 4416, 25006, 7264, 12286, 12296|5
17274|19444||Inf
17274|8538||Inf
17274|19957|17274, 4416, 21798, 24293, 624, 16032, 22423, 19957|7
17274|10458|17274, 4416, 23939, 1000, 13469, 449, 10458|6
17274|23490|17274, 4416, 13142, 19657, 2072, 13190, 14020, 21663, 22203, 23490|9
17274|2526|17274, 4416, 13142, 15880, 3804, 6857, 2526|6
17274|12049|17274, 4416, 23939, 19297, 19340, 12049|5
17274|22245|17274, 4416, 9889, 21012, 13597, 15144, 22245|6
17274|6421|17274, 4416, 25006, 7264, 6421|4
17274|15571|17274, 4416, 9889, 18579, 15571|4
17274|1051||Inf
17274|20078|17274, 4416, 13142, 7307, 14181, 10211, 2912, 21401, 20078|8
17274|11700|17274, 4416, 25006, 13929, 11700|4
17274|12369|17274, 4416, 25006, 13929, 25698, 5934, 16469, 12369|7
17274|21048|17274, 4416, 23939, 19297, 9124, 5346, 21048|6
17274|14344|17274, 4416, 14344|2
17274|20307|17274, 4416, 17187, 24559, 16148, 1765, 20307|6
17274|9987|17274, 4416, 25006, 7264, 21287, 23423, 19890, 9987|7
17274|15528|17274, 4416, 9889, 2741, 19423, 15528|5
17274|19064||Inf
17274|12425|17274, 4416, 23939, 13801, 12687, 18920, 5240, 12425|7
17274|18920|17274, 4416, 23939, 13801, 12687, 18920|5
17274|409|17274, 4416, 13142, 23134, 19204, 409|5
17274|13619|17274, 4416, 25006, 13276, 7689, 22426, 13619|6
17274|15793|17274, 4416, 23939, 3006, 14834, 15793|5
17274|23145|17274, 4416, 14344, 9755, 2654, 3890, 23145|6
17274|890||Inf
17274|3291|17274, 4416, 25006, 13276, 10711, 1711, 20046, 3291|7
17274|25661|17274, 4416, 9889, 2741, 18208, 25607, 25661|6
17274|24293|17274, 4416, 21798, 24293|3
17274|7578|17274, 4416, 23939, 3006, 7578|4
17274|19184|17274, 4416, 25006, 13096, 20879, 19184|5
17274|7479||Inf
17274|17385|17274, 4416, 21798, 20850, 10427, 20595, 17385|6
17274|6702|17274, 4416, 23939, 1000, 13008, 6702|5
17274|11403|17274, 4416, 25006, 13929, 21994, 11403|5
17274|2512|17274, 4416, 20902, 20924, 12101, 2512|5
17274|22899|17274, 4416, 25006, 13929, 22899|4
17274|12743|17274, 4416, 25006, 13929, 11400, 11318, 25729, 17746, 12743|8
17274|4081|17274, 4416, 23939, 13801, 14746, 10022, 4275, 4081|7
17274|12266|17274, 4416, 25006, 20478, 22917, 23114, 12266|6
17274|15583||Inf
17274|7824|17274, 4416, 21798, 20850, 4846, 7350, 7824|6
17274|17739|17274, 4416, 23939, 23107, 11964, 17739|5
17274|6265|17274, 4416, 23939, 5901, 5597, 8854, 6265|6
17274|16563|17274, 4416, 13142, 15880, 3804, 6218, 16543, 16563|7
17274|16931|17274, 4416, 23939, 5901, 22082, 3561, 16931|6
17274|19573|17274, 4416, 2155, 20122, 14265, 3939, 19573|6
17274|5529|17274, 4416, 25006, 13276, 10711, 23558, 5529|6
17274|12545|17274, 4416, 25006, 12545|3
17274|13621||Inf
17274|11640|17274, 4416, 25006, 12545, 18365, 11640|5
17274|855|17274, 4416, 23939, 3006, 22100, 2394, 3743, 21184, 6503, 21695, 855|10
17274|2917|17274, 4416, 25006, 1588, 18540, 10791, 16039, 2917|7
17274|1959|17274, 4416, 9889, 21012, 15538, 21910, 22119, 3953, 15568, 1959|9
17274|3819|17274, 4416, 23939, 5901, 14308, 25050, 5287, 3819|7
17274|7023|17274, 4416, 25006, 1588, 23967, 4364, 7023|6
17274|9862|17274, 4416, 25006, 4550, 9862|4
17274|5466||Inf
17274|3383|17274, 4416, 2155, 113, 3383|4
17274|11621|17274, 4416, 2155, 20122, 14265, 11621|5
17274|3814|17274, 4416, 13142, 14924, 18408, 6583, 3814|6
17274|12968|17274, 4416, 25006, 8972, 12968|4
17274|3683|17274, 4416, 13142, 15880, 2042, 3683|5
17274|9337||Inf
17274|12551||Inf
17274|23240|17274, 4416, 25006, 15559, 4727, 23240|5
17274|14616|17274, 4416, 17187, 24559, 14615, 12735, 17817, 14616|7
17274|4000|17274, 4416, 25006, 5807, 2710, 13026, 13196, 4000|7
17274|6534||Inf
17274|16353||Inf
17274|23363|17274, 4416, 9889, 2741, 23363|4
17274|12707||Inf
17274|2239|17274, 4416, 3618, 14807, 4164, 2239|5
17274|6867|17274, 4416, 20902, 20924, 12101, 1023, 6867|6
17274|6290||Inf
17274|9459|17274, 4416, 25006, 13276, 10711, 23558, 5529, 9459|7
17274|25607|17274, 4416, 9889, 2741, 18208, 25607|5
17274|400|17274, 4416, 13142, 19657, 2072, 400|5
17274|21162|17274, 4416, 13142, 19657, 21075, 21162|5
17274|25287||Inf
17274|2474|17274, 4416, 9889, 18736, 20373, 2474|5
17274|18581||Inf
17274|19545|17274, 4416, 9889, 21012, 9785, 22527, 19545|6
17274|2810|17274, 4416, 13142, 15880, 3804, 3228, 11557, 2810|7
17274|16876|17274, 4416, 9889, 21012, 1186, 16876|5
17274|10884||Inf
17274|5425||Inf
17274|5660||Inf
17274|20806|17274, 4416, 13142, 7307, 9017, 20806|5
17274|15485||Inf
17274|14020|17274, 4416, 13142, 19657, 2072, 13190, 14020|6
17274|23689|17274, 4416, 25006, 13276, 10711, 22598, 23689|6
17274|24334||Inf
17274|14338||Inf
17274|8541|17274, 4416, 14344, 9755, 20511, 18751, 8541|6
17274|6732|17274, 4416, 25006, 1588, 23967, 6732|5
17274|18237|17274, 4416, 2155, 20122, 14265, 3593, 16607, 18237|7
17274|25631||Inf
17274|3507|17274, 4416, 17187, 24559, 14615, 1217, 19877, 3507|7
17274|6911|17274, 4416, 9889, 9184, 21646, 16921, 6911|6
17274|19517|17274, 4416, 25006, 13096, 10762, 13847, 10871, 19517|7
17274|8404||Inf
17274|9269|17274, 4416, 25006, 13929, 21994, 9269|5
17274|16108|17274, 4416, 23939, 1000, 13008, 16108|5
17274|3721|17274, 4416, 23939, 19297, 9124, 1658, 6023, 3721|7
17274|25136||Inf
17274|18605|17274, 4416, 23939, 1000, 14485, 7188, 18605|6
17274|8185|17274, 4416, 13142, 7307, 3765, 23066, 17918, 3754, 8185|8
17274|6170||Inf
17274|22199||Inf
17274|5164|17274, 4416, 25006, 12545, 18365, 5164|5
17274|18013|17274, 4416, 3618, 18013|3
17274|2451|17274, 4416, 25006, 4550, 9862, 17501, 16834, 20248, 2451|8
17274|18183||Inf
17274|12387||Inf
17274|14620|17274, 4416, 23939, 23107, 19865, 12491, 11967, 14620|7
17274|16107|17274, 4416, 13142, 7307, 7154, 4351, 16107|6
17274|4183|17274, 4416, 25006, 4550, 9862, 17501, 4183|6
17274|11279||Inf
17274|25069|17274, 4416, 3618, 14807, 4164, 2239, 25069|6
17274|21409|17274, 4416, 25006, 13929, 11400, 22018, 21409|6
17274|10986|17274, 4416, 9889, 21012, 15538, 21910, 10986|6
17274|16013|17274, 4416, 25006, 13929, 10096, 16368, 16013|6
17274|3411|17274, 4416, 25006, 13929, 25698, 5934, 3411|6
17274|3430|17274, 4416, 23939, 13801, 22144, 3430|5
17274|24939|17274, 4416, 25006, 13096, 14599, 9471, 24939|6
17274|24814|17274, 4416, 17187, 24559, 24814|4
17274|26168|17274, 4416, 25006, 5807, 2710, 13659, 11052, 26168|7
17274|26042|17274, 4416, 25006, 20478, 22917, 23114, 26065, 21203, 26042|8
17274|20574|17274, 4416, 25006, 8972, 12968, 20574|5
17274|11630|17274, 4416, 25006, 13929, 11630|4
17274|379|17274, 4416, 25006, 13276, 2591, 3909, 379|6
17274|18314|17274, 4416, 9889, 2741, 18208, 8471, 9037, 18314|7
17274|19575||Inf
17274|8925|17274, 4416, 25006, 13929, 9572, 7459, 24932, 9264, 15495, 16505, 8925|10
17274|17419|17274, 4416, 2155, 25172, 17419|4
17274|15192|17274, 4416, 15192|2
17274|2182|17274, 4416, 23939, 10406, 2182|4
17274|21297|17274, 4416, 2155, 25172, 5078, 20182, 15799, 11194, 21297|8
17274|1857|17274, 4416, 21798, 20850, 4846, 7350, 7824, 12053, 1857|8
17274|3853|17274, 4416, 2155, 20122, 14265, 3853|5
17274|25663|17274, 4416, 25006, 13276, 22778, 13614, 19084, 9327, 25663|8
17274|18381|17274, 4416, 13142, 14003, 24371, 15244, 18381|6
17274|2165|17274, 4416, 13142, 7307, 14181, 2165|5
17274|17503||Inf
17274|5061|17274, 4416, 14344, 9755, 23382, 11132, 5061|6
17274|7829|17274, 4416, 25006, 8063, 1896, 7829|5
17274|17280||Inf
17274|12701|17274, 4416, 23939, 1000, 178, 12701|5
17274|8471|17274, 4416, 9889, 2741, 18208, 8471|5
17274|19150|17274, 4416, 25006, 12545, 5209, 19150|5
17274|9127|17274, 4416, 23939, 1000, 24199, 22177, 9127|6
17274|19557|17274, 4416, 23939, 1000, 1149, 1425, 19557|6
17274|4189|17274, 4416, 23939, 1000, 1149, 4189|5
17274|13636|17274, 4416, 23939, 23107, 11964, 13636|5
17274|743|17274, 4416, 9889, 2741, 15003, 8612, 743|6
17274|7536||Inf
17274|14135||Inf
17274|9264|17274, 4416, 25006, 13929, 9572, 7459, 24932, 9264|7
17274|22463|17274, 4416, 9889, 21012, 18543, 16270, 22463|6
17274|22961||Inf
17274|6914||Inf
17274|580|17274, 4416, 23939, 1000, 24199, 23576, 580|6
17274|10552|17274, 4416, 3630, 8768, 21754, 11275, 10552|6
17274|22888|17274, 4416, 25006, 1588, 15814, 16083, 15123, 8069, 22888|8
17274|25829|17274, 4416, 25006, 5807, 2710, 106, 22, 25043, 25829|8
17274|17388||Inf
17274|12320||Inf
17274|15126|17274, 4416, 25006, 20478, 16389, 15126|5
17274|3983|17274, 4416, 13142, 19657, 21075, 3983|5
17274|20854|17274, 4416, 25006, 13276, 10711, 1711, 20854|6
17274|20513|17274, 4416, 25006, 13276, 7689, 22426, 5655, 20513|7
17274|25402|17274, 4416, 23939, 1000, 25402|4
17274|16783||Inf
17274|2664|17274, 4416, 23939, 1000, 5107, 7504, 2664|6
17274|6408|17274, 4416, 13142, 6408|3
17274|20331|17274, 4416, 25006, 13096, 14599, 18331, 20331|6
17274|17864|17274, 4416, 23939, 13801, 20100, 15305, 17864|6
17274|4624|17274, 4416, 25006, 8972, 12968, 4624|5
17274|12045|17274, 4416, 13142, 7307, 15455, 12045|5
17274|9769|17274, 4416, 23939, 13801, 9769|4
17274|1347|17274, 4416, 9889, 2741, 18866, 19992, 1347|6
17274|1696|17274, 4416, 3618, 21125, 18215, 1696|5
17274|24959|17274, 4416, 9889, 2741, 18866, 19992, 24959|6
17274|14373|17274, 4416, 9889, 16906, 2443, 7650, 14373|6
17274|2870|17274, 4416, 23939, 19297, 19340, 2870|5
17274|15321|17274, 4416, 25006, 13096, 15321|4
17274|16123|17274, 4416, 9889, 21012, 13597, 16123|5
17274|6908||Inf
17274|543|17274, 4416, 25006, 13096, 23614, 543|5
17274|18996||Inf
17274|1024|17274, 4416, 25006, 13096, 23614, 24833, 21806, 1817, 1024|8
17274|20053|17274, 4416, 25006, 5807, 2710, 13659, 11052, 13859, 20053|8
17274|2789|17274, 4416, 13142, 14924, 2789|4
17274|13651|17274, 4416, 25006, 13276, 10711, 6468, 11919, 13651|7
17274|24471|17274, 4416, 23939, 13801, 14746, 10022, 4275, 24471|7
17274|10338||Inf
17274|2450|17274, 4416, 9889, 21012, 2450|4
17274|20807||Inf
17274|6626|17274, 4416, 3618, 14807, 4164, 2239, 25069, 21927, 6626|8
17274|6709||Inf
17274|11951|17274, 4416, 25006, 13929, 11951|4
17274|25785|17274, 4416, 23939, 1000, 13469, 500, 25785|6
17274|7603||Inf
17274|25934|17274, 4416, 23939, 1000, 22644, 25934|5
17274|19489|17274, 4416, 25006, 13740, 19489|4
17274|6226|17274, 4416, 14344, 9755, 21281, 19140, 6226|6
17274|18684|17274, 4416, 13142, 7307, 14181, 14430, 18684|6
17274|16935|17274, 4416, 23939, 23107, 19865, 18271, 13702, 16935|7
17274|25443|17274, 4416, 23939, 13801, 25443|4
17274|7265||Inf
17274|20319||Inf
17274|13625|17274, 4416, 23939, 13801, 14746, 10022, 4275, 13625|7
17274|14181|17274, 4416, 13142, 7307, 14181|4
17274|19379|17274, 4416, 25006, 13276, 2591, 3909, 16575, 19379|7
17274|15073||Inf
17274|22901|17274, 4416, 9889, 16906, 2443, 7650, 22901|6
17274|7280||Inf
17274|24852||Inf
17274|12256||Inf
17274|17588||Inf
17274|22000||Inf
17274|6301|17274, 4416, 25006, 1588, 18540, 17082, 6823, 6301|7
17274|12797|17274, 4416, 25006, 13096, 10762, 12659, 1258, 12797|7
17274|21142|17274, 4416, 25006, 13929, 16210, 21142|5
17274|11572|17274, 4416, 23939, 23107, 6963, 11572|5
17274|17285|17274, 4416, 25006, 12545, 676, 17285|5
17274|16853|17274, 4416, 25006, 4550, 9862, 16853|5
17274|5605|17274, 4416, 23939, 1000, 5605|4
17274|6355||Inf
17274|17187|17274, 4416, 17187|2
17274|14357|17274, 4416, 9889, 18736, 20373, 14357|5
17274|24475|17274, 4416, 23939, 19297, 9124, 24475|5
17274|8372||Inf
17274|19358|17274, 4416, 13142, 7307, 21968, 19781, 19358|6
17274|2851|17274, 4416, 25006, 5807, 11416, 2851|5
17274|17075|17274, 4416, 13142, 7307, 9017, 17075|5
17274|25516|17274, 4416, 9889, 9184, 25034, 25516|5
17274|19806|17274, 4416, 25006, 5807, 17794, 5541, 24431, 19806|7
17274|23714|17274, 4416, 23939, 19297, 639, 23714|5
17274|6884||Inf
17274|5060|17274, 4416, 17187, 24559, 16148, 1765, 20660, 5060|7
17274|4276||Inf
17274|16575|17274, 4416, 25006, 13276, 2591, 3909, 16575|6
17274|11328|17274, 4416, 25006, 13929, 11400, 11328|5
17274|3188|17274, 4416, 23939, 19297, 19340, 2870, 22555, 20892, 3188|8
17274|1339|17274, 4416, 25006, 20478, 1339|4
17274|24932|17274, 4416, 25006, 13929, 9572, 7459, 24932|6
17274|5267|17274, 4416, 9889, 2741, 231, 24841, 5267|6
17274|11622||Inf
17274|12928|17274, 4416, 25006, 20478, 18487, 12928|5
17274|22727|17274, 4416, 25006, 4550, 20059, 4013, 23855, 8641, 22727|8
17274|13741||Inf
17274|15399|17274, 4416, 25006, 7264, 21287, 15399|5
17274|17090|17274, 4416, 25006, 13929, 25557, 17090|5
17274|7444|17274, 4416, 23939, 13801, 1488, 7444|5
17274|7209|17274, 4416, 9889, 2741, 18719, 7209|5
17274|941|17274, 4416, 9889, 17655, 12365, 25442, 941|6
17274|1982|17274, 4416, 25006, 13096, 23614, 1982|5
17274|25437|17274, 4416, 3618, 24398, 14534, 25437|5
17274|17172|17274, 4416, 3630, 8768, 16414, 15614, 17172|6
17274|3502|17274, 4416, 25006, 20478, 16389, 3502|5
17274|22381||Inf
17274|18408|17274, 4416, 13142, 14924, 18408|4
17274|2563|17274, 4416, 13142, 7307, 14181, 15300, 26088, 2563|7
17274|13520|17274, 4416, 25006, 13096, 14599, 13520|5
17274|6389||Inf
17274|23429|17274, 4416, 13142, 14924, 7277, 20033, 23429|6
17274|15252|17274, 4416, 13142, 7307, 7154, 15252|5
17274|9248|17274, 4416, 3618, 21125, 9248|4
17274|17127|17274, 4416, 25006, 13929, 11400, 11293, 17127|6
17274|5533|17274, 4416, 23939, 5901, 5695, 12611, 5533|6
17274|24169||Inf
17274|16643||Inf
17274|15905|17274, 4416, 13142, 19657, 2072, 13190, 14020, 15905|7
17274|19641|17274, 4416, 9889, 18736, 17911, 19641|5
17274|1832|17274, 4416, 14344, 9755, 1832|4
17274|12735|17274, 4416, 17187, 24559, 14615, 12735|5
17274|6009|17274, 4416, 14344, 9755, 21281, 6009|5
17274|21771|17274, 4416, 23939, 19297, 4241, 21771|5
17274|19445|17274, 4416, 13142, 14003, 7442, 19445|5
17274|16800|17274, 4416, 20902, 20924, 2142, 16800|5
17274|21027|17274, 4416, 14344, 9755, 9482, 21027|5
17274|2117||Inf
17274|17936||Inf
17274|6735||Inf
17274|934|17274, 4416, 9889, 17655, 23293, 934|5
17274|18579|17274, 4416, 9889, 18579|3
17274|15175|17274, 4416, 23939, 5901, 15175|4
17274|18628||Inf
17274|20065|17274, 4416, 25006, 20478, 20065|4
17274|3989||Inf
17274|19204|17274, 4416, 13142, 23134, 19204|4
17274|26180||Inf
17274|21944|17274, 4416, 13142, 7307, 21944|4
17274|11447|17274, 4416, 17187, 24559, 7383, 11447|5
17274|25449|17274, 4416, 25006, 13096, 23614, 3501, 17681, 25449|7
17274|18094|17274, 4416, 13142, 7307, 9017, 17075, 4213, 18094|7
17274|15382|17274, 4416, 25006, 13096, 15108, 1594, 15382|6
17274|6943|17274, 4416, 25006, 12545, 24057, 8774, 6943|6
17274|19469|17274, 4416, 25006, 12545, 24057, 19469|5
17274|21303||Inf
17274|23986|17274, 4416, 23939, 1000, 22644, 24924, 23986|6
17274|5695|17274, 4416, 23939, 5901, 5695|4
17274|1669||Inf
17274|1840|17274, 4416, 25006, 1588, 24696, 1840|5
17274|10433||Inf
17274|8719||Inf
17274|25112|17274, 4416, 2155, 20122, 14265, 11621, 8312, 25112|7
17274|8177|17274, 4416, 25006, 12545, 3677, 5172, 5181, 13635, 8177|8
17274|8728|17274, 4416, 23939, 19297, 4241, 21771, 24097, 5225, 7506, 8728|9
17274|6832|17274, 4416, 23939, 1000, 1149, 1425, 6832|6
17274|12334|17274, 4416, 23939, 1000, 14485, 12334|5
17274|7311|17274, 4416, 25006, 13096, 14599, 12806, 17731, 7311|7
17274|15186|17274, 4416, 23939, 13801, 7563, 15186|5
17274|4380|17274, 4416, 25006, 13276, 6971, 12587, 24402, 4380|7
17274|80|17274, 4416, 25006, 13929, 11733, 80|5
17274|23881||Inf
17274|6078|17274, 4416, 23939, 19297, 9124, 2566, 6078|6
17274|21657|17274, 4416, 17187, 24559, 5052, 10597, 21657|6
17274|3186||Inf
17274|2356|17274, 4416, 3630, 8768, 21754, 4525, 2356|6
17274|10246|17274, 4416, 23939, 1000, 22644, 24924, 10246|6
17274|9895|17274, 4416, 25006, 13276, 7689, 9895|5
17274|5175|17274, 4416, 13142, 9735, 22415, 5175|5
17274|15249||Inf
17274|22806|17274, 4416, 25006, 20478, 22917, 14286, 22806|6
17274|19996|17274, 4416, 13142, 7307, 14181, 10211, 2912, 21401, 19996|8
17274|8727|17274, 4416, 13142, 14003, 24371, 15244, 8727|6
17274|16598|17274, 4416, 25006, 12545, 2169, 4353, 15941, 16598|7
17274|25181|17274, 4416, 23939, 23107, 19865, 12491, 22876, 25181|7
17274|20595|17274, 4416, 21798, 20850, 10427, 20595|5
17274|16224||Inf
17274|2797|17274, 4416, 23939, 13801, 1488, 20315, 2797|6
17274|10588|17274, 4416, 23939, 13801, 10588|4
17274|14265|17274, 4416, 2155, 20122, 14265|4
17274|3387|17274, 4416, 21798, 24293, 624, 16032, 22423, 3387|7
17274|15669|17274, 4416, 3630, 8768, 15669|4
17274|3204|17274, 4416, 25006, 13276, 7689, 3922, 3204|6
17274|20182|17274, 4416, 2155, 25172, 5078, 20182|5
17274|7383|17274, 4416, 17187, 24559, 7383|4
17274|18238||Inf
17274|22375|17274, 4416, 23939, 19297, 4241, 21771, 24097, 22375|7
17274|25289|17274, 4416, 9889, 21012, 9785, 22527, 25289|6
17274|21910|17274, 4416, 9889, 21012, 15538, 21910|5
17274|9715||Inf
17274|7533|17274, 4416, 9889, 17655, 12365, 7533|5
17274|8680|17274, 4416, 13142, 23134, 23204, 8680|5
17274|2123||Inf
17274|21650|17274, 4416, 23939, 1000, 14485, 23708, 21650|6
17274|5973||Inf
17274|21550|17274, 4416, 23939, 13801, 14746, 11861, 21550|6
17274|22920||Inf
17274|6303|17274, 4416, 3618, 21125, 22879, 20940, 6303|6
17274|16770|17274, 4416, 13142, 7307, 21968, 16770|5
17274|19608|17274, 4416, 9889, 9184, 25034, 851, 4825, 19608|7
17274|12788|17274, 4416, 14344, 9755, 9397, 12788|5
17274|16067|17274, 4416, 9889, 9184, 25034, 17228, 3996, 16067|7
17274|1662|17274, 4416, 25006, 12545, 18365, 19741, 23306, 15413, 1662|8
17274|161||Inf
17274|3718|17274, 4416, 25006, 13740, 19489, 3718|5
17274|10055|17274, 4416, 23939, 19297, 10055|4
17274|7245|17274, 4416, 13142, 6408, 5835, 7245|5
17274|25114|17274, 4416, 14344, 9755, 9482, 25189, 25114|6
17274|5385|17274, 4416, 21798, 24293, 5385|4
17274|9387|17274, 4416, 25006, 12545, 18365, 9387|5
17274|21563|17274, 4416, 23939, 1000, 9829, 21563|5
17274|11293|17274, 4416, 25006, 13929, 11400, 11293|5
17274|15206|17274, 4416, 23939, 1000, 5107, 12212, 15206|6
17274|7485|17274, 4416, 14344, 9755, 9397, 3651, 7485|6
17274|22527|17274, 4416, 9889, 21012, 9785, 22527|5
17274|21144||Inf
17274|13480|17274, 4416, 25006, 13276, 23770, 19974, 13480|6
17274|7468||Inf
17274|23946||Inf
17274|25043|17274, 4416, 25006, 5807, 2710, 106, 22, 25043|7
17274|23417|17274, 4416, 23939, 13801, 20100, 15305, 23417|6
17274|2805|17274, 4416, 25006, 2805|3
17274|17345|17274, 4416, 25006, 1588, 23967, 4364, 17345|6
17274|7447|17274, 4416, 21798, 24293, 624, 16032, 22423, 7447|7
17274|3917|17274, 4416, 25006, 12545, 5209, 12478, 3917|6
17274|16741|17274, 4416, 23939, 19297, 9124, 16741|5
17274|22233|17274, 4416, 25006, 13740, 19489, 18193, 22233|6
17274|1600|17274, 4416, 13142, 19657, 2072, 13190, 14020, 1600|7
17274|10178||Inf
17274|3362||Inf
17274|9241|17274, 4416, 23939, 1000, 22644, 9241|5
17274|2938||Inf
17274|23674|17274, 4416, 21798, 20850, 10427, 20595, 17385, 23674|7
17274|20315|17274, 4416, 23939, 13801, 1488, 20315|5
17274|6282||Inf
17274|1281||Inf
17274|25176|17274, 4416, 25006, 13096, 10762, 14351, 8976, 25176|7
17274|6941|17274, 4416, 23939, 19297, 6941|4
17274|10850|17274, 4416, 23939, 19297, 6941, 10850|5
17274|18720|17274, 4416, 13142, 14924, 15931, 18720|5
17274|10602||Inf
17274|17984|17274, 4416, 25006, 1588, 17984|4
17274|3679|17274, 4416, 25006, 4550, 3679|4
17274|6707|17274, 4416, 9889, 9184, 21646, 16921, 6707|6
17274|15184|17274, 4416, 21798, 24293, 15184|4
17274|245|17274, 4416, 9889, 21012, 13597, 15144, 245|6
17274|10243|17274, 4416, 9889, 6774, 10243|4
17274|4835|17274, 4416, 9889, 16906, 2443, 7650, 4834, 4835|7
17274|14865|17274, 4416, 25006, 12545, 2169, 4353, 14865|6
17274|2055|17274, 4416, 9889, 2741, 15003, 2055|5
17274|23233|17274, 4416, 23939, 23107, 19865, 12491, 23233|6
17274|11824|17274, 4416, 3630, 8768, 23038, 9306, 9082, 23896, 11824|8
17274|3034|17274, 4416, 13142, 14924, 15959, 6154, 3034|6
17274|11979|17274, 4416, 20902, 11979|3
17274|19870|17274, 4416, 9889, 21012, 6610, 19870|5
17274|13675||Inf
17274|17401|17274, 4416, 23939, 13801, 1488, 17401|5
17274|19170||Inf
17274|81|17274, 4416, 23939, 13801, 14746, 20000, 81|6
17274|3965|17274, 4416, 25006, 13929, 9572, 2846, 3965|6
17274|8224|17274, 4416, 25006, 13276, 8224|4
17274|18549|17274, 4416, 17187, 24559, 5052, 18549|5
17274|7774|17274, 4416, 3618, 14807, 570, 8701, 7774|6
