17274|23224|17274, 4416, 25006, 13276, 7689, 5993, 23224|6
17274|5427|17274, 4416, 14344, 9755, 20511, 8335, 5427|6
17274|12742|17274, 4416, 25006, 13276, 11696, 12742|5
17274|19980|17274, 4416, 17187, 24559, 24814, 19980|5
17274|21169|17274, 4416, 23939, 1000, 9829, 14051, 21169|6
17274|16083|17274, 4416, 25006, 1588, 15814, 16083|5
17274|8857|17274, 4416, 25006, 13096, 10762, 13847, 10871, 19517, 3858, 2826, 8857|10
17274|1508|17274, 4416, 9889, 2741, 18866, 1508|5
17274|16747|17274, 4416, 25006, 13740, 19489, 16747|5
17274|23481|17274, 4416, 9889, 2741, 15003, 23481|5
17274|25719|17274, 4416, 25006, 13929, 11400, 11379, 25719|6
17274|5255|17274, 4416, 25006, 8972, 12968, 4624, 15770, 4319, 5255|8
17274|19800|17274, 4416, 25006, 12545, 24057, 13673, 19800|6
17274|6506|17274, 4416, 9889, 2741, 18208, 8471, 6506|6
17274|25545||Inf
17274|6810|17274, 4416, 23939, 23107, 11964, 6810|5
17274|16624|17274, 4416, 13142, 15880, 3804, 6857, 24781, 16624|7
17274|1073|17274, 4416, 13142, 14924, 15959, 6154, 1073|6
17274|12165|17274, 4416, 13142, 11801, 21718, 24330, 12165|6
17274|6431|17274, 4416, 23939, 1000, 24199, 23576, 6431|6
17274|17022|17274, 4416, 25006, 13096, 14599, 9471, 17022|6
17274|14182||Inf
17274|15609||Inf
17274|9800|17274, 4416, 9889, 2741, 23363, 9800|5
17274|3136|17274, 4416, 3618, 21125, 9248, 3136|5
17274|13992|17274, 4416, 25006, 13096, 15108, 2556, 13422, 13992|7
17274|2476||Inf
17274|13482|17274, 4416, 9889, 16906, 2443, 7650, 13482|6
17274|7893|17274, 4416, 23939, 23107, 11964, 5510, 7893|6
17274|19900|17274, 4416, 13142, 7307, 9017, 19900|5
17274|13096|17274, 4416, 25006, 13096|3
17274|24860|17274, 4416, 23939, 1000, 25948, 24860|5
17274|5851|17274, 4416, 9889, 9184, 21646, 20207, 5851|6
17274|14131||Inf
17274|2557||Inf
17274|624|17274, 4416, 21798, 24293, 624|4
17274|15148|17274, 4416, 9889, 16906, 2443, 7650, 15148|6
17274|19179|17274, 4416, 25006, 13929, 21432, 19179|5
17274|4425|17274, 4416, 3618, 21125, 4425|4
17274|2536|17274, 4416, 23939, 19297, 19340, 2870, 2536|6
17274|12051|17274, 4416, 13142, 14924, 18408, 6583, 12051|6
17274|10936||Inf
17274|8069|17274, 4416, 25006, 1588, 15814, 16083, 15123, 8069|7
17274|13385|17274, 4416, 23939, 1000, 14485, 12334, 18051, 13385|7
17274|11844|17274, 4416, 23939, 19297, 4241, 10476, 4875, 11844|7
17274|24271|17274, 4416, 23939, 1000, 9829, 24271|5
17274|8161|17274, 4416, 25006, 13096, 10762, 23246, 8161|6
17274|3725|17274, 4416, 13142, 14924, 15959, 24009, 3725|6
17274|22087|17274, 4416, 9889, 2741, 18208, 22087|5
17274|21016|17274, 4416, 23939, 1000, 9829, 14051, 21016|6
17274|17163|17274, 4416, 9889, 21012, 15538, 21910, 22119, 3953, 17163|8
17274|16545|17274, 4416, 9889, 16906, 2443, 15395, 16545|6
17274|13032|17274, 4416, 9889, 17655, 22691, 13032|5
17274|4467|17274, 4416, 25006, 12545, 3677, 5172, 5181, 13635, 8177, 4819, 4467|10
17274|14009|17274, 4416, 25006, 5807, 14009|4
17274|6944|17274, 4416, 9889, 21012, 21508, 6944|5
17274|8307||Inf
17274|19866||Inf
17274|7811|17274, 4416, 25006, 12545, 676, 7811|5
17274|3827|17274, 4416, 3618, 24398, 14534, 3827|5
17274|5059||Inf
17274|16213|17274, 4416, 9889, 17655, 4952, 8134, 16213|6
17274|17208|17274, 4416, 25006, 13276, 22366, 17208|5
17274|7595|17274, 4416, 2155, 25172, 5078, 21130, 7595|6
17274|16106|17274, 4416, 25006, 13096, 10762, 11712, 16106|6
17274|3449|17274, 4416, 23939, 19297, 9124, 5346, 21048, 3449|7
17274|23186|17274, 4416, 23939, 19297, 9124, 23186|5
17274|20534|17274, 4416, 14344, 9755, 20534|4
17274|18721||Inf
17274|12311|17274, 4416, 9889, 12311|3
17274|12851|17274, 4416, 9889, 17655, 12851|4
17274|23727|17274, 4416, 13142, 14924, 22790, 23727|5
17274|11944|17274, 4416, 23939, 13801, 7563, 6724, 23503, 11944|7
17274|8206|17274, 4416, 25006, 13929, 25698, 5934, 15066, 8206|7
17274|12587|17274, 4416, 25006, 13276, 6971, 12587|5
17274|10162|17274, 4416, 14344, 9755, 9397, 3651, 10162|6
17274|5346|17274, 4416, 23939, 19297, 9124, 5346|5
17274|13604|17274, 4416, 21798, 20850, 4846, 7350, 8815, 13604|7
17274|18552|17274, 4416, 23939, 13801, 14746, 20567, 18552|6
17274|8366||Inf
17274|4583|17274, 4416, 17187, 24559, 24814, 10310, 4583|6
17274|2385|17274, 4416, 23939, 1000, 23344, 10956, 2385|6
17274|22722|17274, 4416, 23939, 5901, 22722|4
17274|10341||Inf
17274|8049|17274, 4416, 9889, 21012, 8049|4
17274|13600|17274, 4416, 25006, 13929, 9572, 13600|5
17274|7511|17274, 4416, 25006, 13740, 19489, 7511|5
17274|11713|17274, 4416, 9889, 2741, 18208, 25607, 12720, 11713|7
17274|22378||Inf
17274|18379|17274, 4416, 13142, 19657, 2072, 13190, 14020, 21663, 22203, 23490, 18379|10
17274|2298||Inf
17274|16858|17274, 4416, 13142, 14924, 18408, 17038, 16858|6
17274|6076|17274, 4416, 25006, 13096, 14599, 12806, 17731, 6076|7
17274|46|17274, 4416, 9889, 2741, 46|4
17274|491|17274, 4416, 25006, 4550, 4552, 491|5
17274|6159||Inf
17274|22644|17274, 4416, 23939, 1000, 22644|4
17274|25108|17274, 4416, 13142, 14924, 18408, 6583, 25108|6
17274|8612|17274, 4416, 9889, 2741, 15003, 8612|5
17274|7596||Inf
17274|3174|17274, 4416, 25006, 13276, 10711, 1711, 3174|6
17274|12927|17274, 4416, 23939, 23107, 8045, 12927|5
17274|19879||Inf
17274|26098|17274, 4416, 23939, 1000, 5107, 1545, 26098|6
17274|5814||Inf
17274|10133||Inf
17274|2202|17274, 4416, 23939, 1000, 9829, 2202|5
17274|21389|17274, 4416, 25006, 13929, 12130, 11077, 21389|6
17274|2386|17274, 4416, 23939, 3006, 22100, 2394, 2386|6
17274|14621|17274, 4416, 9889, 9184, 25034, 851, 4825, 14621|7
17274|114|17274, 4416, 23939, 5901, 5597, 114|5
17274|2535|17274, 4416, 25006, 13276, 11696, 18453, 2535|6
17274|3516|17274, 4416, 25006, 12545, 18365, 19741, 23306, 15413, 3516|8
17274|21587|17274, 4416, 17187, 24559, 21587|4
17274|14763||Inf
17274|9863|17274, 4416, 25006, 4550, 9862, 9863|5
17274|23553||Inf
17274|7459|17274, 4416, 25006, 13929, 9572, 7459|5
17274|20774|17274, 4416, 9889, 2741, 20774|4
17274|2212|17274, 4416, 9889, 17655, 2212|4
17274|18623|17274, 4416, 17187, 24559, 5052, 2287, 18623|6
17274|1098|17274, 4416, 13142, 7307, 7154, 4351, 1098|6
17274|3100||Inf
17274|16227|17274, 4416, 25006, 12545, 24057, 7463, 6280, 16227|7
17274|21288||Inf
17274|12615|17274, 4416, 25006, 13096, 14599, 12806, 17731, 12615|7
17274|18719|17274, 4416, 9889, 2741, 18719|4
17274|23912|17274, 4416, 25006, 13929, 12130, 11077, 23912|6
17274|18160|17274, 4416, 13142, 14003, 24371, 18160|5
17274|9209|17274, 4416, 16817, 24885, 9209|4
17274|11638|17274, 4416, 23939, 19297, 2752, 14123, 22836, 11638|7
17274|7510|17274, 4416, 23939, 1000, 14485, 8851, 7510|6
17274|20667|17274, 4416, 23939, 1000, 20667|4
17274|12786|17274, 4416, 25006, 12545, 24057, 12786|5
17274|1589||Inf
17274|25609||Inf
17274|15664|17274, 4416, 25006, 13929, 25698, 5934, 15664|6
17274|11561||Inf
17274|24|17274, 4416, 25006, 13096, 10762, 13847, 10871, 19517, 24|8
17274|20184|17274, 4416, 13142, 11801, 21718, 24330, 20184|6
17274|839|17274, 4416, 25006, 13096, 23614, 5848, 839|6
17274|20257|17274, 4416, 13142, 7307, 14181, 20257|5
17274|2334||Inf
17274|18649|17274, 4416, 2155, 20122, 14265, 3939, 18649|6
17274|20775|17274, 4416, 14344, 9755, 21281, 19140, 20775|6
17274|5667||Inf
17274|12642|17274, 4416, 23939, 3006, 22100, 2394, 3743, 12642|7
17274|4702|17274, 4416, 25006, 13740, 4702|4
17274|18622|17274, 4416, 2155, 20122, 14265, 18622|5
17274|3193|17274, 4416, 3618, 21125, 9248, 5862, 3193|6
17274|19015||Inf
17274|25852||Inf
17274|7504|17274, 4416, 23939, 1000, 5107, 7504|5
17274|22827||Inf
17274|12704||Inf
17274|5435|17274, 4416, 25006, 5807, 2710, 18757, 5435|6
17274|7450|17274, 4416, 25006, 1588, 23967, 7450|5
17274|4485||Inf
17274|20155|17274, 4416, 25006, 13929, 14093, 21466, 20155|6
17274|8047|17274, 4416, 23939, 1000, 22644, 8047|5
17274|4846|17274, 4416, 21798, 20850, 4846|4
17274|2593||Inf
17274|2409||Inf
17274|23529|17274, 4416, 25006, 13929, 23805, 23529|5
17274|6356||Inf
17274|12041||Inf
17274|19738|17274, 4416, 23939, 1000, 14485, 19738|5
17274|23206||Inf
17274|25572|17274, 4416, 25006, 20478, 25572|4
17274|20557|17274, 4416, 23939, 1000, 1149, 20557|5
17274|15678|17274, 4416, 25006, 20478, 22917, 23114, 15678|6
17274|9021|17274, 4416, 25006, 13096, 14599, 9471, 9021|6
17274|18783|17274, 4416, 23939, 1000, 13469, 449, 18783|6
17274|5162|17274, 4416, 21798, 24293, 5385, 9090, 5162|6
17274|6583|17274, 4416, 13142, 14924, 18408, 6583|5
17274|16358||Inf
17274|15423||Inf
17274|13283|17274, 4416, 20902, 20924, 13283|4
17274|10497|17274, 4416, 9889, 9184, 25034, 3265, 26038, 3998, 10497|8
17274|1983||Inf
17274|8443||Inf
17274|24402|17274, 4416, 25006, 13276, 6971, 12587, 24402|6
17274|3501|17274, 4416, 25006, 13096, 23614, 3501|5
17274|14808|17274, 4416, 13142, 14924, 18408, 6583, 14808|6
17274|6376|17274, 4416, 17187, 24559, 5052, 6376|5
17274|23488|17274, 4416, 25006, 20478, 22917, 23114, 23488|6
17274|18234|17274, 4416, 9889, 18736, 20373, 6264, 18234|6
17274|782||Inf
17274|12460||Inf
17274|8517|17274, 4416, 9889, 6774, 8517|4
17274|8193|17274, 4416, 14344, 9755, 2654, 16056, 8193|6
17274|364|17274, 4416, 25006, 13276, 10711, 17359, 364|6
17274|1817|17274, 4416, 25006, 13096, 23614, 24833, 21806, 1817|7
17274|14747|17274, 4416, 23939, 13801, 14746, 19324, 14747|6
17274|6628||Inf
17274|13501|17274, 4416, 3630, 8768, 23038, 9306, 13501|6
17274|5404||Inf
17274|23760||Inf
17274|25585|17274, 4416, 25006, 13929, 10096, 25585|5
17274|11053|17274, 4416, 9889, 17655, 12365, 11053|5
17274|7384|17274, 4416, 9889, 21012, 9785, 7384|5
17274|9020|17274, 4416, 25006, 13096, 14599, 9471, 9020|6
17274|12720|17274, 4416, 9889, 2741, 18208, 25607, 12720|6
17274|16655||Inf
17274|26141|17274, 4416, 3618, 14807, 25346, 26141|5
17274|7053|17274, 4416, 25006, 12545, 18365, 19741, 23306, 15413, 3516, 7053|9
17274|9606||Inf
17274|5960||Inf
17274|6632|17274, 4416, 3618, 14807, 25758, 12637, 12187, 6632|7
17274|24214||Inf
17274|17882||Inf
17274|14316|17274, 4416, 13142, 6408, 5835, 7245, 14690, 14316|7
17274|25996|17274, 4416, 9889, 21012, 6610, 22798, 25996|6
17274|22309|17274, 4416, 25006, 4550, 9862, 17501, 22309|6
17274|11878|17274, 4416, 23939, 5901, 22082, 3561, 16931, 5503, 11213, 11878|9
17274|18370|17274, 4416, 14344, 9755, 2654, 7985, 23506, 18370|7
17274|21089|17274, 4416, 9889, 17655, 4952, 21089|5
17274|20305|17274, 4416, 13142, 7307, 14181, 15300, 20305|6
17274|8208|17274, 4416, 14344, 9755, 23382, 8208|5
17274|17537||Inf
17274|23896|17274, 4416, 3630, 8768, 23038, 9306, 9082, 23896|7
17274|18788|17274, 4416, 13142, 7307, 18788|4
17274|22189|17274, 4416, 25006, 13929, 22189|4
17274|13196|17274, 4416, 25006, 5807, 2710, 13026, 13196|6
17274|574|17274, 4416, 25006, 13276, 574|4
17274|6351|17274, 4416, 17187, 24559, 8552, 6351|5
17274|9026||Inf
17274|20059|17274, 4416, 25006, 4550, 20059|4
17274|15159|17274, 4416, 17187, 24559, 5052, 15159|5
17274|25225|17274, 4416, 25006, 13096, 20879, 25225|5
17274|8428||Inf
17274|8530||Inf
17274|22834|17274, 4416, 9889, 21012, 25053, 22834|5
17274|16159|17274, 4416, 13142, 23134, 16159|4
17274|15160|17274, 4416, 25006, 13096, 23614, 543, 15160|6
17274|23464|17274, 4416, 25006, 13096, 23614, 12453, 20765, 11537, 6666, 23464|9
17274|15366|17274, 4416, 25006, 13096, 23614, 24833, 15366|6
17274|6527|17274, 4416, 14344, 9755, 9397, 3651, 6527|6
17274|22728|17274, 4416, 25006, 13929, 9572, 16310, 3113, 19161, 22728|8
17274|11911||Inf
17274|3037|17274, 4416, 17187, 24559, 2293, 3037|5
17274|4755|17274, 4416, 23939, 3006, 14834, 24718, 4755|6
17274|25396|17274, 4416, 14344, 9755, 25396|4
17274|2504|17274, 4416, 25006, 1588, 24696, 9360, 18592, 2504|7
17274|254||Inf
17274|22254|17274, 4416, 13142, 6408, 5835, 7245, 14690, 14316, 22254|8
17274|4446|17274, 4416, 14344, 9755, 21281, 4446|5
17274|1667|17274, 4416, 23939, 13801, 1488, 1667|5
17274|123|17274, 4416, 25006, 15559, 4727, 123|5
17274|12679|17274, 4416, 3618, 14807, 45, 12679|5
17274|22239|17274, 4416, 25006, 13929, 25698, 5934, 16469, 22239|7
17274|16334|17274, 4416, 17187, 24559, 16148, 7768, 1116, 16334|7
17274|16210|17274, 4416, 25006, 13929, 16210|4
17274|2080|17274, 4416, 21798, 24293, 5385, 2080|5
17274|920|17274, 4416, 17187, 24559, 2501, 7317, 920|6
17274|10490|17274, 4416, 3630, 8768, 21754, 10490|5
17274|9273|17274, 4416, 25006, 13929, 11733, 8742, 9273|6
17274|4955||Inf
17274|13369|17274, 4416, 23939, 23107, 19865, 13369|5
17274|19612|17274, 4416, 23939, 1000, 13469, 19612|5
17274|20613|17274, 4416, 21798, 20850, 10427, 20613|5
17274|13647|17274, 4416, 17187, 24559, 5717, 13647|5
17274|9074|17274, 4416, 23939, 13801, 12687, 18920, 5240, 9074|7
17274|10590|17274, 4416, 25006, 5807, 2710, 18757, 10590|6
17274|8669||Inf
17274|17911|17274, 4416, 9889, 18736, 17911|4
17274|25102|17274, 4416, 23939, 19297, 25102|4
17274|2487|17274, 4416, 23939, 1000, 5605, 3052, 2487|6
17274|10923|17274, 4416, 25006, 13929, 10096, 16368, 10923|6
17274|21436|17274, 4416, 25006, 20478, 22917, 23114, 21436|6
17274|12406|17274, 4416, 9889, 21012, 18543, 12406|5
17274|18558|17274, 4416, 25006, 1588, 15814, 615, 15935, 18558|7
17274|10819|17274, 4416, 3630, 8768, 23038, 10819|5
17274|25234|17274, 4416, 25006, 13096, 23614, 12453, 10004, 25234|7
17274|15824||Inf
17274|20148|17274, 4416, 3630, 8768, 20148|4
17274|2410|17274, 4416, 21798, 20850, 10427, 20595, 17385, 2410|7
17274|18685|17274, 4416, 21798, 24293, 15184, 15005, 18685|6
17274|2501|17274, 4416, 17187, 24559, 2501|4
17274|6354||Inf
17274|12414||Inf
17274|9979|17274, 4416, 13142, 23134, 25896, 15898, 9979|6
17274|20793||Inf
17274|21289|17274, 4416, 13142, 7307, 7154, 21289|5
17274|4765|17274, 4416, 23939, 1000, 22644, 14952, 4765|6
17274|18122|17274, 4416, 3630, 8768, 23038, 11231, 18122|6
17274|7103|17274, 4416, 23939, 23107, 11964, 5510, 7103|6
17274|13971|17274, 4416, 23939, 1000, 13469, 449, 13971|6
17274|1550|17274, 4416, 13142, 6408, 1550|4
17274|11808||Inf
17274|11661|17274, 4416, 25006, 13929, 16210, 11661|5
17274|11495|17274, 4416, 13142, 15880, 20014, 11495|5
17274|4241|17274, 4416, 23939, 19297, 4241|4
17274|19572||Inf
17274|17953|17274, 4416, 23939, 19297, 23458, 17953|5
17274|17939|17274, 4416, 17187, 24559, 17939|4
17274|22489|17274, 4416, 23939, 13801, 22489|4
17274|16032|17274, 4416, 21798, 24293, 624, 16032|5
17274|8737|17274, 4416, 25006, 13276, 6971, 12587, 8737|6
17274|4267||Inf
17274|19013|17274, 4416, 23939, 1000, 22644, 24924, 19013|6
17274|822||Inf
17274|8211|17274, 4416, 25006, 4550, 8211|4
17274|24248|17274, 4416, 23939, 13801, 7563, 24248|5
17274|135|17274, 4416, 9889, 135|3
17274|23167||Inf
17274|5503|17274, 4416, 23939, 5901, 22082, 3561, 16931, 5503|7
17274|15538|17274, 4416, 9889, 21012, 15538|4
17274|17501|17274, 4416, 25006, 4550, 9862, 17501|5
17274|10983|17274, 4416, 25006, 12545, 5302, 10983|5
17274|18034||Inf
17274|4819|17274, 4416, 25006, 12545, 3677, 5172, 5181, 13635, 8177, 4819|9
17274|8045|17274, 4416, 23939, 23107, 8045|4
17274|23620|17274, 4416, 14344, 9755, 2654, 7985, 23620|6
17274|23751|17274, 4416, 25006, 5807, 11416, 25469, 23751|6
17274|22779|17274, 4416, 21798, 20850, 4846, 22779|5
17274|16274|17274, 4416, 13142, 5953, 16274|4
17274|11032|17274, 4416, 2155, 20122, 14265, 22074, 11032|6
17274|23385|17274, 4416, 3618, 14807, 570, 8701, 23385|6
17274|17670|17274, 4416, 25006, 1588, 23967, 18286, 17670|6
17274|18030|17274, 4416, 17187, 24559, 5052, 2287, 727, 18030|7
17274|5835|17274, 4416, 13142, 6408, 5835|4
17274|8869||Inf
17274|7039|17274, 4416, 25006, 13929, 16006, 25569, 7039|6
17274|19624|17274, 4416, 17187, 24559, 2501, 19624|5
17274|5938|17274, 4416, 25006, 12545, 5938|4
17274|18866|17274, 4416, 9889, 2741, 18866|4
17274|17392|17274, 4416, 23939, 13801, 7563, 6724, 17392|6
17274|15799|17274, 4416, 2155, 25172, 5078, 20182, 15799|6
17274|25||Inf
17274|5182|17274, 4416, 23939, 13801, 1488, 25107, 5182|6
17274|6340|17274, 4416, 25006, 13276, 11696, 18453, 6340|6
17274|2621|17274, 4416, 9889, 16906, 2443, 7650, 2621|6
17274|24733||Inf
17274|22966|17274, 4416, 9889, 17655, 22691, 22966|5
17274|6576||Inf
17274|22836|17274, 4416, 23939, 19297, 2752, 14123, 22836|6
17274|5729|17274, 4416, 9889, 135, 3916, 5729|5
17274|23653|17274, 4416, 13142, 7307, 18788, 23665, 23394, 23653|7
17274|17252||Inf
17274|15943|17274, 4416, 25006, 13096, 15321, 15943|5
17274|6271|17274, 4416, 20902, 20924, 12101, 1023, 6271|6
17274|8881||Inf
17274|5631|17274, 4416, 9889, 9184, 25034, 17228, 3996, 5631|7
17274|8815|17274, 4416, 21798, 20850, 4846, 7350, 8815|6
17274|19605|17274, 4416, 23939, 23107, 11964, 19605|5
17274|25601|17274, 4416, 25006, 13929, 9572, 25601|5
17274|15846|17274, 4416, 23939, 19297, 10055, 15846|5
17274|19111|17274, 4416, 25006, 13929, 25698, 5934, 16469, 19111|7
17274|2452|17274, 4416, 21798, 24293, 5385, 9090, 3811, 2452|7
17274|20940|17274, 4416, 3618, 21125, 22879, 20940|5
17274|10376|17274, 4416, 23939, 13801, 10376|4
17274|4588|17274, 4416, 25006, 13096, 15108, 4588|5
17274|24705|17274, 4416, 13142, 7307, 14181, 2165, 24705|6
17274|6627|17274, 4416, 25006, 13276, 10711, 22598, 6627|6
17274|2457|17274, 4416, 25006, 1588, 23967, 4364, 2457|6
17274|21024||Inf
17274|5055|17274, 4416, 23939, 1000, 14485, 12334, 8254, 5055|7
17274|23264|17274, 4416, 13142, 7307, 9017, 17075, 23264|6
17274|11617|17274, 4416, 2155, 13346, 12040, 23870, 11902, 11617|7
17274|14842||Inf
17274|16264|17274, 4416, 23939, 13801, 1488, 16264|5
17274|14324|17274, 4416, 25006, 13929, 11400, 11372, 14324|6
17274|21030|17274, 4416, 13142, 14924, 18408, 6583, 21030|6
17274|24503|17274, 4416, 23939, 23107, 19865, 12491, 24503|6
17274|8768|17274, 4416, 3630, 8768|3
17274|4106||Inf
17274|25179|17274, 4416, 23939, 13801, 14746, 11861, 25179|6
17274|3773|17274, 4416, 23939, 3006, 22100, 2394, 3743, 21184, 6503, 3773|9
17274|13357||Inf
17274|8710|17274, 4416, 25006, 13929, 9572, 9522, 8710|6
17274|20108|17274, 4416, 9889, 21012, 20108|4
17274|23163|17274, 4416, 13142, 1407, 16967, 23163|5
17274|17131|17274, 4416, 21798, 24293, 17439, 17131|5
17274|11863|17274, 4416, 9889, 2741, 18208, 17536, 11863|6
17274|6427|17274, 4416, 9889, 2741, 19423, 25940, 6427|6
17274|18943|17274, 4416, 23939, 1000, 20716, 22601, 18943|6
17274|16041|17274, 4416, 25006, 13276, 23770, 24753, 16041|6
17274|2569||Inf
17274|8672|17274, 4416, 17187, 24559, 24814, 8672|5
17274|15200|17274, 4416, 23939, 1000, 22644, 14952, 15971, 15200|7
17274|12411|17274, 4416, 25006, 13276, 10711, 1711, 6813, 12411|7
17274|16521|17274, 4416, 3630, 8768, 20148, 16521|5
17274|124|17274, 4416, 13142, 7307, 124|4
17274|17359|17274, 4416, 25006, 13276, 10711, 17359|5
17274|9865||Inf
17274|11816||Inf
17274|19423|17274, 4416, 9889, 2741, 19423|4
17274|21646|17274, 4416, 9889, 9184, 21646|4
17274|18151||Inf
17274|22837|17274, 4416, 14344, 9755, 2654, 21860, 22837|6
17274|19877|17274, 4416, 17187, 24559, 14615, 1217, 19877|6
17274|8520|17274, 4416, 9889, 17655, 4952, 21089, 8520|6
17274|19585|17274, 4416, 25006, 1588, 24696, 9360, 18592, 19585|7
17274|3209|17274, 4416, 25006, 13096, 14599, 12135, 3209|6
17274|3074||Inf
17274|5359|17274, 4416, 3630, 8768, 21379, 6934, 25215, 5359|7
17274|20344|17274, 4416, 13142, 23134, 19204, 20344|5
17274|24835|17274, 4416, 23939, 1000, 4575, 24835|5
17274|19810|17274, 4416, 23939, 5901, 22493, 19810|5
17274|2190|17274, 4416, 21798, 20850, 10427, 20613, 8592, 2190|7
17274|10925|17274, 4416, 25006, 13276, 22778, 6638, 10925|6
17274|9482|17274, 4416, 14344, 9755, 9482|4
17274|24489|17274, 4416, 9889, 17655, 22269, 24489|5
17274|15420|17274, 4416, 13142, 15880, 3804, 6218, 3716, 15420|7
17274|20129|17274, 4416, 3630, 8768, 23038, 20129|5
17274|16766|17274, 4416, 13142, 14924, 7277, 16766|5
17274|6973||Inf
17274|25125|17274, 4416, 25006, 7264, 12286, 25125|5
17274|11011|17274, 4416, 23939, 1000, 13469, 449, 11011|6
17274|14157|17274, 4416, 9889, 16906, 2443, 7650, 14157|6
17274|13029|17274, 4416, 25006, 20478, 22917, 23114, 26065, 13029|7
17274|3547|17274, 4416, 23939, 5901, 3547|4
17274|13404|17274, 4416, 25006, 1588, 23967, 4364, 13404|6
17274|9130||Inf
17274|22696|17274, 4416, 3630, 8768, 22696|4
17274|5483|17274, 4416, 25006, 4550, 20059, 4013, 23855, 19922, 5483|8
17274|914|17274, 4416, 21798, 24293, 5385, 9090, 914|6
17274|12071|17274, 4416, 13142, 7307, 14181, 15300, 26088, 12071|7
17274|2912|17274, 4416, 13142, 7307, 14181, 10211, 2912|6
17274|20620|17274, 4416, 17187, 24559, 5052, 25271, 20620|6
17274|21101|17274, 4416, 23939, 5901, 22082, 3561, 16931, 5503, 11213, 18557, 21101|10
17274|10942|17274, 4416, 23939, 1000, 14485, 10942|5
17274|21391|17274, 4416, 14344, 9755, 2654, 16056, 21391|6
17274|7650|17274, 4416, 9889, 16906, 2443, 7650|5
17274|7573|17274, 4416, 14344, 9755, 2654, 16056, 7573|6
17274|1048|17274, 4416, 9889, 21012, 6610, 22798, 1278, 1048|7
17274|9099|17274, 4416, 21798, 24293, 9099|4
17274|11806|17274, 4416, 9889, 2741, 18894, 5787, 11806|6
17274|4958||Inf
17274|9630||Inf
17274|26013|17274, 4416, 9889, 17655, 4952, 1685, 26013|6
17274|5412|17274, 4416, 14344, 9755, 9397, 5412|5
17274|10871|17274, 4416, 25006, 13096, 10762, 13847, 10871|6
17274|11902|17274, 4416, 2155, 13346, 12040, 23870, 11902|6
17274|5740|17274, 4416, 17187, 24559, 5052, 5740|5
17274|18782|17274, 4416, 13142, 14924, 7277, 18782|5
17274|8063|17274, 4416, 25006, 8063|3
17274|8308||Inf
17274|3553|17274, 4416, 23939, 10406, 3553|4
17274|9944|17274, 4416, 25006, 20478, 21491, 9944|5
17274|13834|17274, 4416, 9889, 9184, 25034, 3265, 17149, 408, 13834|8
17274|8298|17274, 4416, 23939, 1000, 2115, 8298|5
17274|22269|17274, 4416, 9889, 17655, 22269|4
17274|6455|17274, 4416, 25006, 13929, 11400, 11372, 14324, 6455|7
17274|12842|17274, 4416, 13142, 7307, 7154, 12842|5
17274|26100|17274, 4416, 25006, 5807, 2710, 26100|5
17274|4433|17274, 4416, 9889, 17655, 4952, 4433|5
17274|2613|17274, 4416, 25006, 12545, 18365, 19741, 23306, 15413, 2613|8
17274|1172|17274, 4416, 25006, 13929, 11400, 22018, 1172|6
17274|26023|17274, 4416, 25006, 5807, 2710, 26023|5
17274|16393|17274, 4416, 25006, 20478, 16393|4
17274|9629|17274, 4416, 25006, 13929, 16006, 9629|5
17274|1829|17274, 4416, 25006, 13096, 23614, 1829|5
17274|14771||Inf
17274|23506|17274, 4416, 14344, 9755, 2654, 7985, 23506|6
17274|22224|17274, 4416, 25006, 13096, 14599, 13520, 22224|6
17274|2826|17274, 4416, 25006, 13096, 10762, 13847, 10871, 19517, 3858, 2826|9
17274|20650|17274, 4416, 13142, 15880, 2042, 20650|5
17274|8215|17274, 4416, 13142, 7307, 14181, 15300, 8215|6
17274|18088|17274, 4416, 23939, 5901, 14403, 18088|5
17274|7204|17274, 4416, 25006, 12545, 3677, 7204|5
17274|8705||Inf
17274|3910|17274, 4416, 25006, 13929, 21432, 19179, 3910|6
17274|5773|17274, 4416, 25006, 1588, 15814, 5773|5
17274|22275|17274, 4416, 9889, 18736, 20373, 6264, 22275|6
17274|10676||Inf
17274|19501|17274, 4416, 25006, 13096, 23614, 3501, 19501|6
17274|2455||Inf
17274|2120||Inf
17274|2952|17274, 4416, 9889, 17655, 2952|4
17274|25346|17274, 4416, 3618, 14807, 25346|4
17274|18275|17274, 4416, 23939, 13801, 12687, 18920, 5240, 18275|7
17274|4512|17274, 4416, 2155, 20122, 14265, 3939, 4512|6
17274|12722|17274, 4416, 13142, 11801, 21718, 24330, 12722|6
17274|19215|17274, 4416, 9889, 17655, 22691, 19215|5
17274|17099|17274, 4416, 25006, 13929, 11733, 9616, 17099|6
17274|18331|17274, 4416, 25006, 13096, 14599, 18331|5
17274|4117|17274, 4416, 23939, 5901, 24614, 4117|5
17274|24242||Inf
17274|26067|17274, 4416, 9889, 21012, 9785, 3839, 26067|6
17274|16722|17274, 4416, 9889, 17655, 12365, 16722|5
17274|13616|17274, 4416, 25006, 13276, 10711, 17359, 13616|6
17274|16801|17274, 4416, 13142, 7307, 9017, 2255, 16801|6
17274|18454||Inf
17274|6023|17274, 4416, 23939, 19297, 9124, 1658, 6023|6
17274|10477|17274, 4416, 23939, 1000, 20716, 10477|5
17274|8400||Inf
17274|17330|17274, 4416, 25006, 20478, 17330|4
17274|1916||Inf
17274|15572||Inf
17274|2335|17274, 4416, 23939, 1000, 13008, 2335|5
17274|12252||Inf
17274|16872|17274, 4416, 23939, 3006, 15311, 16872|5
17274|5119||Inf
17274|3821|17274, 4416, 13142, 7307, 3418, 4798, 3821|6
17274|13411|17274, 4416, 25006, 12545, 676, 13411|5
17274|3283|17274, 4416, 9889, 16906, 2443, 7650, 3283|6
17274|14424|17274, 4416, 23939, 1000, 12070, 14424|5
17274|3876|17274, 4416, 23939, 5901, 5695, 3876|5
17274|9103|17274, 4416, 25006, 13276, 10711, 19022, 13352, 9103|7
17274|3682||Inf
17274|17339|17274, 4416, 17187, 24559, 16148, 1765, 17339|6
17274|18668|17274, 4416, 9889, 21012, 9785, 18668|5
17274|4814|17274, 4416, 25006, 13096, 10762, 4814|5
17274|22645|17274, 4416, 25006, 8063, 1896, 19101, 715, 21811, 22645|8
17274|19741|17274, 4416, 25006, 12545, 18365, 19741|5
17274|7247|17274, 4416, 25006, 13276, 10711, 23558, 5529, 7247|7
17274|1153|17274, 4416, 25006, 4550, 9862, 17501, 1153|6
17274|6434|17274, 4416, 25006, 13096, 10762, 14351, 6434|6
17274|17861|17274, 4416, 25006, 12545, 24057, 7463, 17861|6
17274|16162|17274, 4416, 9889, 17655, 4952, 16162|5
17274|25056|17274, 4416, 25006, 13096, 15108, 25056|5
17274|1798||Inf
17274|11182|17274, 4416, 25006, 13276, 11182|4
17274|18995|17274, 4416, 9889, 2741, 18208, 18995|5
17274|23870|17274, 4416, 2155, 13346, 12040, 23870|5
17274|6726|17274, 4416, 25006, 13276, 10711, 1711, 6726|6
17274|15172|17274, 4416, 25006, 13929, 9572, 5555, 11093, 15172|7
17274|24816||Inf
17274|3442|17274, 4416, 21798, 24293, 5385, 9090, 3442|6
17274|1563|17274, 4416, 20902, 20924, 12101, 1023, 1563|6
17274|3765|17274, 4416, 13142, 7307, 3765|4
17274|22404||Inf
17274|2591|17274, 4416, 25006, 13276, 2591|4
17274|1050||Inf
17274|2823|17274, 4416, 17187, 24559, 2501, 7317, 2823|6
17274|9631|17274, 4416, 13142, 7307, 12472, 2503, 9631|6
17274|12687|17274, 4416, 23939, 13801, 12687|4
17274|15495|17274, 4416, 25006, 13929, 9572, 7459, 24932, 9264, 15495|8
17274|4451|17274, 4416, 9889, 21012, 13597, 20303, 4451|6
17274|22951|17274, 4416, 25006, 13929, 12130, 22951|5
17274|7024|17274, 4416, 9889, 18736, 7024|4
17274|8512||Inf
17274|3113|17274, 4416, 25006, 13929, 9572, 16310, 3113|6
17274|25138|17274, 4416, 23939, 19297, 9124, 5346, 23214, 25138|7
17274|5413||Inf
17274|12739|17274, 4416, 25006, 7264, 12286, 12739|5
17274|14558|17274, 4416, 3618, 14807, 8503, 14558|5
17274|4632|17274, 4416, 9889, 2741, 4632|4
17274|5901|17274, 4416, 23939, 5901|3
17274|21315|17274, 4416, 25006, 13096, 15108, 21315|5
17274|21090|17274, 4416, 21798, 24293, 5385, 21090|5
17274|10522||Inf
17274|8738||Inf
17274|25378|17274, 4416, 9889, 2741, 18866, 20391, 25378|6
17274|5087|17274, 4416, 23939, 1000, 5107, 17800, 24699, 5202, 5087|8
17274|18142||Inf
17274|2997|17274, 4416, 23939, 1000, 23344, 20089, 24412, 2997|7
17274|2059|17274, 4416, 9889, 17655, 11785, 2059|5
17274|200|17274, 4416, 25006, 13096, 14599, 9471, 200|6
17274|5738||Inf
17274|21195|17274, 4416, 23939, 13801, 20100, 15305, 21195|6
17274|4634|17274, 4416, 25006, 13096, 23614, 12453, 20765, 21051, 4634|8
17274|15221||Inf
17274|2596|17274, 4416, 25006, 13096, 23614, 12453, 20765, 11537, 6666, 2596|9
17274|23721|17274, 4416, 2155, 20122, 14265, 23721|5
17274|5486||Inf
17274|15977|17274, 4416, 23939, 23107, 19865, 18065, 15977|6
17274|23225|17274, 4416, 13142, 15880, 2042, 23225|5
17274|19613|17274, 4416, 25006, 13929, 25698, 5934, 482, 19613|7
17274|3119|17274, 4416, 13142, 15880, 3804, 6218, 4793, 15516, 3119|8
17274|24057|17274, 4416, 25006, 12545, 24057|4
17274|25531||Inf
17274|1078|17274, 4416, 17187, 24559, 13371, 1078|5
17274|98||Inf
17274|374||Inf
17274|13493|17274, 4416, 13142, 7307, 18788, 23665, 13493|6
17274|19890|17274, 4416, 25006, 7264, 21287, 23423, 19890|6
17274|26157|17274, 4416, 23939, 1000, 2115, 26157|5
17274|12496|17274, 4416, 3618, 14807, 12496|4
17274|2309|17274, 4416, 2155, 20122, 14265, 17626, 2309|6
17274|16622||Inf
17274|15300|17274, 4416, 13142, 7307, 14181, 15300|5
17274|24183|17274, 4416, 13142, 15880, 3804, 3228, 11557, 24183|7
17274|4302|17274, 4416, 25006, 13276, 10711, 4302|5
17274|25988|17274, 4416, 23939, 1000, 14485, 7801, 25988|6
17274|21930|17274, 4416, 23939, 1000, 4575, 21930|5
17274|22|17274, 4416, 25006, 5807, 2710, 106, 22|6
17274|8395||Inf
17274|3316|17274, 4416, 17187, 24559, 24814, 3316|5
17274|6746|17274, 4416, 13142, 23134, 19204, 6746|5
17274|25931|17274, 4416, 23939, 19297, 9124, 25931|5
17274|8557||Inf
17274|7601|17274, 4416, 2155, 20122, 14265, 7601|5
17274|20250|17274, 4416, 13142, 14924, 18408, 6583, 20250|6
17274|5406||Inf
17274|17950|17274, 4416, 23939, 19297, 9124, 5346, 21048, 15353, 17950|8
17274|3944|17274, 4416, 17187, 24559, 14615, 1217, 3944|6
17274|16109||Inf
17274|18102|17274, 4416, 23939, 3006, 14834, 18102|5
17274|1104|17274, 4416, 14344, 9755, 20511, 8335, 1104|6
17274|16429|17274, 4416, 25006, 13929, 21994, 23092, 16429|6
17274|7586|17274, 4416, 23939, 1000, 12070, 14424, 7586|6
17274|4495||Inf
17274|2394|17274, 4416, 23939, 3006, 22100, 2394|5
17274|19114|17274, 4416, 25006, 13276, 11696, 18453, 19114|6
17274|3321|17274, 4416, 21798, 20850, 10427, 20595, 6465, 3321|7
17274|19081|17274, 4416, 9889, 17655, 4952, 16162, 25540, 19081|7
17274|10679||Inf
17274|22793|17274, 4416, 2155, 20122, 14265, 3939, 22793|6
17274|18592|17274, 4416, 25006, 1588, 24696, 9360, 18592|6
17274|22748|17274, 4416, 25006, 12545, 24057, 8774, 22748|6
17274|12787|17274, 4416, 2155, 25172, 17419, 20328, 24877, 12787|7
17274|10002||Inf
17274|25676||Inf
17274|19992|17274, 4416, 9889, 2741, 18866, 19992|5
17274|8386|17274, 4416, 3618, 14807, 25758, 12637, 12187, 8386|7
17274|7716|17274, 4416, 17187, 24559, 24814, 7716|5
17274|19865|17274, 4416, 23939, 23107, 19865|4
17274|10134||Inf
17274|1839|17274, 4416, 25006, 20478, 16389, 1839|5
17274|2806|17274, 4416, 16817, 24885, 2806|4
17274|17180|17274, 4416, 25006, 12545, 5302, 10983, 17180|6
17274|10559||Inf
17274|15150|17274, 4416, 25006, 12545, 24057, 13673, 12318, 15150|7
17274|15414|17274, 4416, 25006, 1588, 18540, 17082, 6823, 15414|7
17274|22235|17274, 4416, 9889, 21012, 6610, 22798, 1278, 22235|7
17274|26051|17274, 4416, 25006, 5807, 2710, 26051|5
17274|8198|17274, 4416, 25006, 12545, 5302, 23880, 8198|6
17274|19553||Inf
17274|10024|17274, 4416, 13142, 14003, 24371, 2620, 10024|6
17274|9124|17274, 4416, 23939, 19297, 9124|4
17274|15357|17274, 4416, 25006, 13096, 14599, 12806, 17731, 15357|7
17274|24878||Inf
17274|6512|17274, 4416, 13142, 9735, 22415, 2449, 6512|6
17274|25143|17274, 4416, 25006, 13929, 9572, 25143|5
17274|17191|17274, 4416, 13142, 14003, 24371, 15235, 17191|6
17274|7715|17274, 4416, 13142, 7715|3
17274|20925||Inf
17274|25777|17274, 4416, 9889, 2741, 19423, 25777|5
17274|13955|17274, 4416, 25006, 13740, 19489, 13955|5
17274|1343|17274, 4416, 23939, 1000, 14485, 8851, 1343|6
17274|14067|17274, 4416, 23939, 1000, 5107, 14067|5
17274|2287|17274, 4416, 17187, 24559, 5052, 2287|5
17274|25382|17274, 4416, 23939, 23107, 19865, 13556, 25382|6
17274|14540|17274, 4416, 9889, 2741, 14540|4
17274|20960||Inf
17274|3063|17274, 4416, 14344, 9755, 21281, 3063|5
17274|21613|17274, 4416, 13142, 7307, 15455, 16589, 21613|6
17274|5853||Inf
17274|14384||Inf
17274|8352|17274, 4416, 23939, 13801, 1488, 9194, 8352|6
17274|16280|17274, 4416, 25006, 20478, 25582, 16280|5
17274|12458||Inf
17274|194||Inf
17274|10183|17274, 4416, 13142, 15880, 3804, 6857, 24781, 10183|7
17274|22415|17274, 4416, 13142, 9735, 22415|4
17274|25866|17274, 4416, 25006, 13929, 9572, 2846, 1854, 25866|7
17274|22466|17274, 4416, 14344, 9755, 2654, 21860, 8823, 22466|7
17274|25660|17274, 4416, 25006, 13929, 11400, 11318, 25660|6
17274|17118|17274, 4416, 23939, 23107, 19865, 18065, 17118|6
17274|8074|17274, 4416, 23939, 19297, 10055, 8074|5
17274|17120||Inf
17274|4954||Inf
17274|11791|17274, 4416, 25006, 13276, 7689, 11791|5
17274|7801|17274, 4416, 23939, 1000, 14485, 7801|5
17274|3766|17274, 4416, 13142, 14924, 18408, 6583, 3766|6
17274|15245|17274, 4416, 13142, 14003, 24371, 15244, 15245|6
17274|21523||Inf
17274|3878|17274, 4416, 9889, 21012, 18543, 12406, 3878|6
17274|17979|17274, 4416, 25006, 13096, 15108, 2556, 17979|6
17274|17874|17274, 4416, 9889, 18579, 6482, 17874|5
17274|4426|17274, 4416, 23939, 13801, 8122, 192, 4426|6
17274|1292||Inf
17274|18398|17274, 4416, 25006, 13096, 23614, 24833, 18398|6
17274|14340|17274, 4416, 21798, 24293, 624, 16032, 22423, 14340|7
17274|16414|17274, 4416, 3630, 8768, 16414|4
17274|8391|17274, 4416, 25006, 13276, 11182, 6575, 8391|6
17274|11467||Inf
17274|21629|17274, 4416, 23939, 13801, 1488, 21629|5
