17274|25152|17274, 4416, 23939, 19297, 9124, 16741, 14967, 25152|7
17274|18457|17274, 4416, 25006, 13276, 7689, 18457|5
17274|8589|17274, 4416, 13142, 24001, 8589|4
17274|6095|17274, 4416, 3630, 8768, 21754, 25435, 6095|6
17274|7104|17274, 4416, 2155, 20122, 14265, 17626, 7104|6
17274|16590|17274, 4416, 21798, 24293, 624, 16032, 22423, 16590|7
17274|5543|17274, 4416, 23939, 19297, 4241, 21771, 5543|6
17274|2073|17274, 4416, 23939, 5901, 5597, 23841, 6183, 16433, 2073|8
17274|11609|17274, 4416, 9889, 17655, 22457, 11609|5
17274|15322||Inf
17274|13556|17274, 4416, 23939, 23107, 19865, 13556|5
17274|1090|17274, 4416, 13142, 7307, 1090|4
17274|24888||Inf
17274|15387||Inf
17274|16728||Inf
17274|2622|17274, 4416, 23939, 5901, 14308, 23836, 23297, 2622|7
17274|4712|17274, 4416, 14344, 9755, 339, 11026, 4712|6
17274|2155|17274, 4416, 2155|2
17274|24620|17274, 4416, 23939, 19297, 4241, 13813, 24620|6
17274|24110|17274, 4416, 17187, 24559, 24814, 24110|5
17274|17729|17274, 4416, 2155, 20122, 14265, 22074, 17729|6
17274|20424|17274, 4416, 25006, 13929, 25698, 5934, 20424|6
17274|11746|17274, 4416, 25006, 12545, 676, 11746|5
17274|8595|17274, 4416, 3618, 24398, 14534, 8595|5
17274|2115|17274, 4416, 23939, 1000, 2115|4
17274|11034|17274, 4416, 2155, 20122, 14265, 22074, 11032, 10719, 11034|8
17274|9721|17274, 4416, 25006, 13929, 9572, 9721|5
17274|14377|17274, 4416, 14344, 9755, 2654, 7985, 14377|6
17274|8376|17274, 4416, 13142, 7307, 12472, 18875, 8376|6
17274|6701||Inf
17274|16115|17274, 4416, 9889, 6774, 16115|4
17274|22433|17274, 4416, 2155, 20122, 14265, 22074, 11032, 10719, 22433|8
17274|24765|17274, 4416, 25006, 13096, 14599, 12135, 24765|6
17274|13832|17274, 4416, 25006, 13096, 20827, 4896, 22890, 13832|7
17274|787||Inf
17274|12865|17274, 4416, 25006, 13929, 25698, 5934, 15066, 12865|7
17274|5134|17274, 4416, 9889, 21012, 5134|4
17274|12709|17274, 4416, 23939, 1000, 2115, 12709|5
17274|22811|17274, 4416, 25006, 13929, 22811|4
17274|23256|17274, 4416, 13142, 23256|3
17274|25599|17274, 4416, 25006, 20478, 22917, 23114, 26065, 13029, 5629, 25599|9
17274|11919|17274, 4416, 25006, 13276, 10711, 6468, 11919|6
17274|19560||Inf
17274|21543|17274, 4416, 25006, 5807, 2710, 21543|5
17274|24133||Inf
17274|18297|17274, 4416, 13142, 14924, 15959, 18297|5
17274|7911|17274, 4416, 7911|2
17274|12644|17274, 4416, 14344, 9755, 5621, 2420, 19350, 12644|7
17274|10355||Inf
17274|4766|17274, 4416, 13142, 9735, 22415, 4766|5
17274|16802||Inf
17274|18633|17274, 4416, 21798, 24293, 5385, 9090, 18633|6
17274|6094|17274, 4416, 25006, 13276, 22366, 6094|5
17274|15182||Inf
17274|19207|17274, 4416, 9889, 18736, 10381, 25916, 19207|6
17274|19219|17274, 4416, 23939, 1000, 14485, 8851, 25286, 19219|7
17274|16994|17274, 4416, 13142, 24001, 16994|4
17274|16415|17274, 4416, 2155, 25172, 7045, 16415|5
17274|17248|17274, 4416, 25006, 13096, 23614, 543, 17248|6
17274|12161||Inf
17274|21634|17274, 4416, 23939, 1000, 14485, 8851, 25286, 21634|7
17274|18489|17274, 4416, 25006, 13096, 10762, 11223, 18489|6
17274|1656||Inf
17274|12554||Inf
17274|5408|17274, 4416, 23939, 23107, 11964, 10039, 5408|6
17274|5488|17274, 4416, 17187, 24559, 14615, 5488|5
17274|7277|17274, 4416, 13142, 14924, 7277|4
17274|20031||Inf
17274|3207|17274, 4416, 17187, 24559, 2501, 22758, 25480, 3207|7
17274|5212||Inf
17274|8739||Inf
17274|2774|17274, 4416, 13142, 14924, 18408, 6583, 2774|6
17274|14932|17274, 4416, 23939, 13801, 14932|4
17274|18743|17274, 4416, 25006, 1588, 18540, 17082, 6823, 18743|7
17274|23513|17274, 4416, 9889, 9184, 25034, 17228, 23513|6
17274|10896|17274, 4416, 23939, 1000, 20716, 1727, 10896|6
17274|19871|17274, 4416, 23939, 1000, 1149, 18373, 19871|6
17274|9511|17274, 4416, 9511|2
17274|19093|17274, 4416, 23939, 13801, 14746, 19093|5
17274|5143|17274, 4416, 25006, 12545, 3310, 5143|5
17274|15683|17274, 4416, 9889, 21012, 9785, 22527, 15683|6
17274|22964|17274, 4416, 13142, 15880, 3804, 6218, 4793, 22964|7
17274|20934|17274, 4416, 25006, 5807, 2710, 20934|5
17274|4144||Inf
17274|18580|17274, 4416, 17187, 24559, 5052, 2287, 18580|6
17274|11275|17274, 4416, 3630, 8768, 21754, 11275|5
17274|4125|17274, 4416, 3618, 14807, 4164, 4125|5
17274|18879|17274, 4416, 23939, 1000, 178, 18879|5
17274|25180|17274, 4416, 23939, 1000, 13469, 449, 25180|6
17274|8801|17274, 4416, 13142, 15880, 3804, 6218, 3716, 8801|7
17274|6638|17274, 4416, 25006, 13276, 22778, 6638|5
17274|25557|17274, 4416, 25006, 13929, 25557|4
17274|12552|17274, 4416, 25006, 13096, 23614, 24833, 21806, 1817, 12552|8
17274|23423|17274, 4416, 25006, 7264, 21287, 23423|5
17274|17464|17274, 4416, 25006, 13096, 15108, 17464|5
17274|21184|17274, 4416, 23939, 3006, 22100, 2394, 3743, 21184|7
17274|16155|17274, 4416, 3630, 8768, 21754, 25435, 7446, 16155|7
17274|19955|17274, 4416, 17187, 24559, 24814, 19955|5
17274|20003|17274, 4416, 13142, 11801, 21718, 20003|5
17274|7098|17274, 4416, 25006, 13276, 10711, 17359, 396, 7098|7
17274|19521||Inf
17274|2044|17274, 4416, 3618, 2044|3
17274|4630||Inf
17274|15195|17274, 4416, 25006, 13276, 22778, 6638, 15195|6
17274|7592|17274, 4416, 13142, 14924, 18408, 17038, 17113, 7592|7
17274|17822||Inf
17274|9518||Inf
17274|3652|17274, 4416, 13142, 14924, 18408, 6583, 3652|6
17274|23241|17274, 4416, 20902, 20924, 12101, 1023, 23241|6
17274|20052|17274, 4416, 25006, 13276, 7689, 5993, 20052|6
17274|1694|17274, 4416, 23939, 1000, 1694|4
17274|11967|17274, 4416, 23939, 23107, 19865, 12491, 11967|6
17274|3534|17274, 4416, 25006, 1588, 23967, 4364, 3534|6
17274|5668||Inf
17274|13683|17274, 4416, 25006, 20478, 22917, 23114, 26065, 13683|7
17274|25611||Inf
17274|18724|17274, 4416, 25006, 12545, 18724|4
17274|19102|17274, 4416, 25006, 13096, 23614, 3501, 6442, 19102|7
17274|1028|17274, 4416, 14344, 9755, 20511, 18751, 1028|6
17274|20231|17274, 4416, 25006, 1588, 23967, 4364, 20231|6
17274|9125|17274, 4416, 25006, 13096, 15321, 9125|5
17274|3056|17274, 4416, 13142, 7307, 9017, 3056|5
17274|4196||Inf
17274|15589|17274, 4416, 9889, 9184, 25034, 851, 15589|6
17274|12380|17274, 4416, 14344, 9755, 25396, 12380|5
17274|1187||Inf
17274|7855|17274, 4416, 25006, 13929, 9572, 2846, 7855|6
17274|5144||Inf
17274|1782|17274, 4416, 9889, 17655, 22457, 3066, 1782|6
17274|23248|17274, 4416, 23939, 3006, 14834, 23248|5
17274|21491|17274, 4416, 25006, 20478, 21491|4
17274|17944|17274, 4416, 25006, 13096, 14599, 9471, 17944|6
17274|6641|17274, 4416, 13142, 14924, 6641|4
17274|8147||Inf
17274|18208|17274, 4416, 9889, 2741, 18208|4
17274|21596||Inf
17274|6288|17274, 4416, 23939, 1000, 6288|4
17274|26138|17274, 4416, 13142, 9735, 26138|4
17274|13008|17274, 4416, 23939, 1000, 13008|4
17274|22610|17274, 4416, 23939, 23107, 8045, 22610|5
17274|12422|17274, 4416, 9889, 2741, 19423, 12422|5
17274|12478|17274, 4416, 25006, 12545, 5209, 12478|5
17274|9325|17274, 4416, 25006, 13929, 11400, 9325|5
17274|13387|17274, 4416, 3618, 21125, 4425, 13387|5
17274|6482|17274, 4416, 9889, 18579, 6482|4
17274|5848|17274, 4416, 25006, 13096, 23614, 5848|5
17274|12547|17274, 4416, 23939, 23107, 19865, 12491, 22876, 12547|7
17274|21546|17274, 4416, 25006, 13096, 14599, 4697, 25537, 21546|7
17274|7446|17274, 4416, 3630, 8768, 21754, 25435, 7446|6
17274|10762|17274, 4416, 25006, 13096, 10762|4
17274|26190|17274, 4416, 9889, 17655, 12365, 26190|5
17274|15805|17274, 4416, 25006, 1588, 23967, 4364, 15805|6
17274|15123|17274, 4416, 25006, 1588, 15814, 16083, 15123|6
17274|8503|17274, 4416, 3618, 14807, 8503|4
17274|5232||Inf
17274|26020|17274, 4416, 25006, 4550, 20059, 4013, 10878, 26020|7
17274|25628|17274, 4416, 3618, 14807, 4164, 2239, 25069, 21927, 25628|8
17274|11442|17274, 4416, 25006, 13276, 10711, 6468, 11919, 11442|7
17274|21776|17274, 4416, 14344, 9755, 2654, 21776|5
17274|14153|17274, 4416, 21798, 24293, 5385, 9090, 3811, 14153|7
17274|8048|17274, 4416, 7911, 8048|3
17274|25959|17274, 4416, 14344, 9755, 5621, 2420, 25959|6
17274|23686|17274, 4416, 25006, 13096, 23614, 23693, 5812, 20618, 23686|8
17274|17991|17274, 4416, 13142, 7307, 3418, 4798, 17991|6
17274|23416||Inf
17274|19234|17274, 4416, 25006, 13096, 10762, 11712, 19234|6
17274|5478||Inf
17274|16258|17274, 4416, 13142, 573, 1356, 16258|5
17274|21815|17274, 4416, 23939, 1000, 14485, 12334, 18051, 12627, 21815|8
17274|8623||Inf
17274|5353|17274, 4416, 13142, 11801, 21718, 24330, 5353|6
17274|22954|17274, 4416, 9889, 21012, 15538, 21910, 22119, 3953, 22954|8
17274|20528|17274, 4416, 14344, 9755, 5621, 2420, 19350, 20528|7
17274|13276|17274, 4416, 25006, 13276|3
17274|17174|17274, 4416, 23939, 1000, 13008, 17174|5
17274|14496|17274, 4416, 25006, 13096, 15108, 14496|5
17274|8146||Inf
17274|1556||Inf
17274|5717|17274, 4416, 17187, 24559, 5717|4
17274|16607|17274, 4416, 2155, 20122, 14265, 3593, 16607|6
17274|11009||Inf
17274|3922|17274, 4416, 25006, 13276, 7689, 3922|5
17274|20014|17274, 4416, 13142, 15880, 20014|4
17274|22719||Inf
17274|20942|17274, 4416, 25006, 13096, 23614, 3501, 20942|6
17274|11372|17274, 4416, 25006, 13929, 11400, 11372|5
17274|12971|17274, 4416, 23939, 19297, 9124, 5346, 12971|6
17274|5673|17274, 4416, 25006, 13096, 15108, 1594, 6838, 5673|7
17274|12373|17274, 4416, 25006, 12373|3
17274|19314||Inf
17274|21177|17274, 4416, 2155, 20122, 14265, 22074, 21830, 21177|7
17274|5739|17274, 4416, 25006, 1588, 18540, 13328, 5739|6
17274|1408|17274, 4416, 9889, 9184, 1408|4
17274|22457|17274, 4416, 9889, 17655, 22457|4
17274|884|17274, 4416, 13142, 15880, 3804, 6857, 24781, 884|7
17274|20576|17274, 4416, 25006, 13276, 22366, 18778, 20576|6
17274|18097|17274, 4416, 23939, 19297, 19340, 7584, 18097|6
17274|23064|17274, 4416, 23939, 5901, 5597, 23841, 5601, 23064|7
17274|345|17274, 4416, 9889, 21012, 345|4
17274|9937|17274, 4416, 3630, 8768, 9937|4
17274|8036||Inf
17274|17797|17274, 4416, 23939, 13801, 1488, 17797|5
17274|10252||Inf
17274|20495|17274, 4416, 17187, 24559, 14615, 1217, 20495|6
17274|1427|17274, 4298, 1427|2
17274|20511|17274, 4416, 14344, 9755, 20511|4
17274|5233|17274, 4416, 13142, 14924, 15931, 3466, 5233|6
17274|20149|17274, 4416, 25006, 13929, 12130, 11077, 20149|6
17274|11876|17274, 4416, 2155, 20122, 14265, 17626, 11876|6
17274|733|17274, 4416, 23939, 19297, 733|4
17274|11141|17274, 4416, 9889, 2741, 18208, 8471, 9037, 11141|7
17274|17721|17274, 4416, 25006, 12545, 18365, 17721|5
17274|5445|17274, 4416, 9889, 2741, 18208, 8471, 9037, 11141, 5445|8
17274|17233|17274, 4416, 23939, 1000, 9829, 17233|5
17274|9017|17274, 4416, 13142, 7307, 9017|4
17274|1997|17274, 4416, 3618, 14807, 1997|4
17274|7264|17274, 4416, 25006, 7264|3
17274|21995|17274, 4416, 25006, 20478, 1339, 3164, 21995|6
17274|13847|17274, 4416, 25006, 13096, 10762, 13847|5
17274|8864|17274, 4416, 25006, 20478, 25582, 8864|5
17274|8534||Inf
17274|18036||Inf
17274|7768|17274, 4416, 17187, 24559, 16148, 7768|5
17274|8299|17274, 4416, 23939, 1000, 14485, 8851, 8299|6
17274|1289||Inf
17274|5492||Inf
17274|11472|17274, 4416, 9889, 21012, 11472|4
17274|7882|17274, 4416, 3618, 21125, 18215, 7882|5
17274|13497|17274, 4416, 25006, 13096, 15108, 14496, 5477, 13497|7
17274|2566|17274, 4416, 23939, 19297, 9124, 2566|5
17274|11030||Inf
17274|4416|17274, 4416|1
17274|14123|17274, 4416, 23939, 19297, 2752, 14123|5
17274|6895|17274, 4416, 25006, 8972, 12968, 6895|5
17274|25062||Inf
17274|15959|17274, 4416, 13142, 14924, 15959|4
17274|5730|17274, 4416, 13142, 7307, 7154, 5730|5
17274|7572||Inf
17274|11121|17274, 4416, 25006, 13276, 2591, 3909, 16575, 14337, 11121|8
17274|12409|17274, 4416, 9889, 17655, 12365, 15552, 3872, 12409|7
17274|7854|17274, 4416, 23939, 19297, 4241, 10476, 4875, 11844, 7854|8
17274|882|17274, 4416, 23939, 5901, 3547, 882|5
17274|17137|17274, 4416, 25006, 20478, 25582, 17137|5
17274|10251|17274, 4416, 2155, 20122, 14265, 17626, 10251|6
17274|12386|17274, 4416, 23939, 1000, 14485, 12334, 18051, 12627, 12386|8
17274|937|17274, 4416, 13142, 14924, 937|4
17274|17823|17274, 4416, 9889, 16906, 2443, 7650, 17823|6
17274|5547|17274, 4416, 25006, 13096, 23614, 543, 5547|6
17274|17192|17274, 4416, 17187, 24559, 16148, 7768, 18222, 17192|7
17274|14562|17274, 4416, 9889, 21012, 13597, 15144, 14562|6
17274|20914||Inf
17274|9867|17274, 4416, 25006, 13276, 22778, 13614, 19084, 8398, 9867|8
17274|9522|17274, 4416, 25006, 13929, 9572, 9522|5
17274|2042|17274, 4416, 13142, 15880, 2042|4
17274|17379|17274, 4416, 9889, 2741, 18208, 17536, 17379|6
17274|164|17274, 4416, 25006, 13929, 11400, 11318, 164|6
17274|8200|17274, 4416, 23939, 5901, 14308, 23836, 8200|6
17274|12781|17274, 4416, 9889, 21012, 12781|4
17274|4379|17274, 4416, 13142, 19657, 2072, 4379|5
17274|4180|17274, 4416, 23939, 19297, 10055, 4180|5
17274|10354|17274, 4416, 23939, 1000, 9829, 10354|5
17274|23673|17274, 4416, 13142, 7307, 14181, 15300, 23673|6
17274|25569|17274, 4416, 25006, 13929, 16006, 25569|5
17274|18415||Inf
17274|8871|17274, 4416, 25006, 13929, 25557, 8871|5
17274|18870|17274, 4416, 25006, 13096, 23614, 18870|5
17274|5107|17274, 4416, 23939, 1000, 5107|4
17274|8969|17274, 4416, 25006, 5807, 2710, 106, 22, 25043, 13355, 8969|9
17274|3750||Inf
17274|25220|17274, 4416, 25006, 8063, 1896, 25220|5
17274|14834|17274, 4416, 23939, 3006, 14834|4
17274|16830||Inf
17274|20780|17274, 4416, 14344, 9755, 9397, 20780|5
17274|8449|17274, 4416, 23939, 1000, 23344, 20089, 24412, 8449|7
17274|1149|17274, 4416, 23939, 1000, 1149|4
17274|3451|17274, 4416, 25006, 20478, 22917, 23114, 26065, 3451|7
17274|22018|17274, 4416, 25006, 13929, 11400, 22018|5
17274|25491|17274, 4416, 17187, 24559, 2501, 6804, 25491|6
17274|23151|17274, 4416, 25006, 13096, 23614, 3386, 23151|6
17274|15383|17274, 4416, 25006, 13276, 11182, 6575, 15383|6
17274|8726|17274, 4416, 25006, 13929, 11400, 8726|5
17274|26039|17274, 4416, 9889, 16906, 2443, 7650, 26039|6
17274|4015|17274, 4416, 9889, 17655, 12365, 15552, 4015|6
17274|15800||Inf
17274|13022||Inf
17274|21584|17274, 4416, 25006, 13096, 10762, 12659, 12032, 21584|7
17274|6008||Inf
17274|5774||Inf
17274|25662||Inf
17274|16958|17274, 4416, 25006, 13929, 9572, 7712, 16958|6
17274|1989||Inf
17274|8072|17274, 4416, 9889, 21012, 9785, 22527, 8072|6
17274|24616|17274, 4416, 25006, 1588, 23967, 4364, 24616|6
17274|4989|17274, 4416, 25006, 13096, 23614, 4989|5
17274|193|17274, 4416, 3630, 8768, 23038, 193|5
17274|26021|17274, 4416, 2155, 13346, 26021|4
17274|18337|17274, 4416, 14344, 9755, 20511, 18337|5
17274|19340|17274, 4416, 23939, 19297, 19340|4
17274|16128|17274, 4416, 13142, 7307, 9017, 16128|5
17274|6264|17274, 4416, 9889, 18736, 20373, 6264|5
17274|17600|17274, 4416, 9889, 16906, 2443, 7650, 17600|6
17274|8157||Inf
17274|19447|17274, 4416, 9889, 2741, 18208, 8471, 9037, 11141, 19447|8
17274|12507|17274, 4416, 25006, 13276, 11696, 18453, 12507|6
17274|7546|17274, 4416, 23939, 13801, 12687, 18920, 5240, 12425, 7546|8
17274|12703||Inf
17274|24943|17274, 4416, 3618, 14807, 8503, 24943|5
17274|21663|17274, 4416, 13142, 19657, 2072, 13190, 14020, 21663|7
17274|22953|17274, 4416, 25006, 13929, 12130, 22951, 22953|6
17274|8704||Inf
17274|9133|17274, 4416, 25006, 13276, 7689, 9133|5
17274|22693|17274, 4416, 25006, 13929, 16006, 22693|5
17274|15663|17274, 4416, 13142, 7307, 15663|4
17274|20953||Inf
17274|11821|17274, 4416, 25006, 13929, 10096, 16368, 11821|6
17274|18283|17274, 4416, 23939, 23107, 19865, 13556, 14089, 18283|7
17274|15250|17274, 4416, 9889, 9184, 25034, 851, 15250|6
17274|25316|17274, 4416, 25006, 13276, 7689, 25316|5
17274|15715|17274, 4416, 25006, 1588, 24696, 10895, 20086, 15715|7
17274|12135|17274, 4416, 25006, 13096, 14599, 12135|5
17274|6878|17274, 4416, 23939, 1000, 20716, 1727, 22848, 6878|7
17274|14710|17274, 4416, 2155, 25172, 7045, 14710|5
17274|639|17274, 4416, 23939, 19297, 639|4
17274|12763|17274, 4416, 23939, 19297, 19340, 12763|5
17274|16511|17274, 4416, 25006, 13276, 2591, 3909, 16575, 16511|7
17274|18487|17274, 4416, 25006, 20478, 18487|4
17274|3055|17274, 4416, 13142, 14924, 18408, 6583, 3055|6
17274|17828|17274, 4416, 25006, 20478, 16389, 17828|5
17274|6010|17274, 4416, 25006, 4550, 9862, 17501, 6010|6
17274|5256||Inf
17274|17307||Inf
17274|12639|17274, 4416, 25006, 12545, 676, 10456, 12639|6
17274|18624|17274, 4416, 25006, 13096, 15108, 2556, 13422, 16154, 18624|8
17274|15144|17274, 4416, 9889, 21012, 13597, 15144|5
17274|22778|17274, 4416, 25006, 13276, 22778|4
17274|24101|17274, 4416, 25006, 13276, 11182, 6575, 24101|6
17274|23555|17274, 4416, 25006, 13929, 11400, 11293, 23555|6
17274|9138|17274, 4416, 25006, 13929, 9572, 9522, 22483, 9138|7
17274|13352|17274, 4416, 25006, 13276, 10711, 19022, 13352|6
17274|26019||Inf
17274|23480||Inf
17274|15082|17274, 4416, 25006, 5807, 2710, 13659, 15082|6
17274|1074|17274, 4416, 2155, 20122, 14265, 3939, 1074|6
17274|15125|17274, 4416, 13142, 15880, 3804, 6218, 15125|6
17274|16890|17274, 4416, 23939, 13801, 7563, 6724, 1497, 16890|7
17274|11410||Inf
17274|7541|17274, 4416, 25006, 13929, 25698, 5934, 7541|6
17274|2949|17274, 4416, 23939, 1000, 14485, 2949|5
17274|5081||Inf
17274|5826|17274, 4416, 25006, 12545, 24057, 13673, 19800, 5826|7
17274|5241|17274, 4416, 25006, 13096, 14599, 15477, 5241|6
17274|13749|17274, 4416, 9889, 21012, 15538, 21910, 13318, 13749|7
17274|17612|17274, 4416, 9889, 17655, 22457, 17612|5
17274|4017||Inf
17274|18256|17274, 4416, 14344, 9755, 20511, 18256|5
17274|18144||Inf
17274|598||Inf
17274|4027|17274, 4416, 25006, 1588, 23967, 3096, 4027|6
17274|23137|17274, 4416, 23939, 1000, 13469, 23137|5
17274|5181|17274, 4416, 25006, 12545, 3677, 5172, 5181|6
17274|20954|17274, 4416, 25006, 12545, 20954|4
17274|16278|17274, 4416, 13142, 7307, 14181, 2165, 16278|6
17274|10677||Inf
17274|26065|17274, 4416, 25006, 20478, 22917, 23114, 26065|6
17274|3681|17274, 4416, 25006, 1588, 18540, 3681|5
17274|7772|17274, 4416, 23939, 3006, 22100, 2394, 3743, 21184, 6503, 21695, 7772|10
17274|5809|17274, 4416, 9889, 21012, 13597, 5809|5
17274|4724|17274, 4416, 23939, 23107, 19865, 4724|5
17274|4319|17274, 4416, 25006, 8972, 12968, 4624, 15770, 4319|7
17274|23647|17274, 4416, 23939, 1000, 14485, 23647|5
17274|6748|17274, 4416, 13142, 15880, 6748|4
17274|7038|17274, 4416, 25006, 20478, 22917, 23114, 7038|6
17274|19090|17274, 4416, 13142, 14924, 19090|4
17274|5184|17274, 4416, 23939, 23107, 19865, 12491, 5184|6
17274|6190|17274, 4416, 25006, 13929, 21994, 6190|5
17274|4195|17274, 4416, 25006, 13276, 6971, 12587, 4195|6
17274|17992||Inf
17274|11801|17274, 4416, 13142, 11801|3
17274|22382|17274, 4416, 13142, 15880, 3804, 3228, 11557, 15998, 22382|8
17274|4967|17274, 4416, 9889, 2741, 18208, 4967|5
17274|25872|17274, 4416, 23939, 1000, 5107, 7504, 25872|6
17274|15974|17274, 4416, 13142, 14924, 18408, 15974|5
17274|9216|17274, 4416, 25006, 1588, 24696, 9216|5
17274|12053|17274, 4416, 21798, 20850, 4846, 7350, 7824, 12053|7
17274|25836|17274, 4416, 9889, 17655, 22691, 25836|5
17274|25849|17274, 4416, 25006, 5807, 2710, 106, 22, 25043, 25849|8
17274|25205|17274, 4416, 14344, 9755, 25205|4
17274|19581|17274, 4416, 25006, 12545, 19581|4
17274|1608|17274, 4416, 9889, 18736, 20373, 6264, 1608|6
17274|26173|17274, 4416, 23939, 19297, 6941, 18983, 26173|6
17274|9643|17274, 4416, 9889, 21012, 9785, 3839, 9643|6
17274|13624|17274, 4416, 25006, 13096, 14599, 13624|5
17274|3409|17274, 4416, 9889, 21012, 3409|4
17274|17393|17274, 4416, 9889, 9184, 17393|4
17274|20062|17274, 4416, 25006, 13096, 23614, 20062|5
17274|3677|17274, 4416, 25006, 12545, 3677|4
17274|5546||Inf
17274|1000|17274, 4416, 23939, 1000|3
17274|21699|17274, 4416, 23939, 23107, 19865, 13556, 21699|6
17274|1321|17274, 4416, 13142, 19657, 21075, 1321|5
17274|18246|17274, 4416, 25006, 5807, 2710, 20934, 18246|6
17274|2515|17274, 4416, 9889, 21012, 15538, 21910, 14414, 820, 2515|8
17274|24113|17274, 4416, 13142, 11801, 24113|4
17274|4639|17274, 4416, 20902, 20924, 12101, 1023, 4639|6
17274|16717|17274, 4416, 25006, 13096, 15108, 1594, 6838, 16717|7
17274|1854|17274, 4416, 25006, 13929, 9572, 2846, 1854|6
17274|8155|17274, 4416, 13142, 7307, 14181, 14430, 8155|6
17274|385|17274, 4416, 9889, 18736, 20373, 6264, 385|6
17274|1859|17274, 4416, 1859|2
17274|18344|17274, 4416, 9889, 18736, 20373, 2474, 18344|6
17274|18658|17274, 4416, 23939, 1000, 2115, 18658|5
17274|16594|17274, 4416, 9889, 2741, 16594|4
17274|11604|17274, 4416, 25006, 1588, 15814, 615, 11604|6
17274|22980||Inf
17274|17076||Inf
17274|16730|17274, 4416, 21798, 24293, 624, 16032, 22423, 16730|7
17274|18095|17274, 4416, 23939, 1000, 20716, 22601, 18095|6
17274|7356||Inf
17274|11199|17274, 4416, 23939, 13801, 14746, 20567, 11199|6
17274|19223|17274, 4416, 17187, 24559, 5052, 10597, 1985, 19223|7
17274|2329||Inf
17274|23883|17274, 4416, 13142, 14924, 18408, 23883|5
17274|9143|17274, 4416, 9889, 18736, 9143|4
17274|14170||Inf
17274|18771|17274, 4416, 3630, 8768, 23038, 11231, 18122, 18771|7
17274|23355|17274, 4416, 23939, 1000, 13469, 449, 23355|6
17274|22324|17274, 4416, 9889, 16906, 2443, 7650, 22324|6
17274|22692||Inf
17274|3286|17274, 4416, 23939, 1000, 22644, 14952, 244, 3286|7
17274|10096|17274, 4416, 25006, 13929, 10096|4
17274|3239||Inf
17274|834|17274, 4416, 17187, 24559, 7383, 11447, 834|6
17274|6905|17274, 4416, 13142, 19657, 2072, 6905|5
17274|18924|17274, 4416, 2155, 20122, 14265, 11621, 18924|6
17274|7011|17274, 4416, 23939, 13801, 1488, 20315, 2797, 7011|7
17274|20084||Inf
17274|22487|17274, 4416, 25006, 13929, 25698, 5934, 482, 13664, 22487|8
17274|1672|17274, 4416, 9889, 2741, 18208, 11461, 1672|6
17274|18222|17274, 4416, 17187, 24559, 16148, 7768, 18222|6
17274|20943||Inf
17274|9892|17274, 4416, 23939, 1000, 13469, 449, 9892|6
17274|12112|17274, 4416, 25006, 12545, 24057, 25902, 12112|6
17274|20196|17274, 4416, 13142, 7307, 3765, 20196|5
17274|7853|17274, 4416, 13142, 15880, 3804, 6364, 7853|6
17274|17851||Inf
17274|9964|17274, 4416, 25006, 5807, 11416, 25469, 9964|6
17274|9360|17274, 4416, 25006, 1588, 24696, 9360|5
17274|9433|17274, 4416, 9889, 16906, 2443, 7650, 9433|6
17274|11602|17274, 4416, 23939, 1000, 5107, 12212, 22574, 11602|7
17274|10991|17274, 4416, 23939, 19297, 19340, 2870, 22555, 10991|7
17274|93|17274, 4416, 2155, 25172, 17419, 93|5
17274|12290||Inf
17274|20766||Inf
17274|2133|17274, 4416, 25006, 20478, 18487, 2133|5
17274|25528|17274, 4416, 9889, 17655, 22691, 25528|5
17274|17848|17274, 4416, 25006, 12545, 3677, 5172, 5181, 13635, 8177, 17848|9
17274|2293|17274, 4416, 17187, 24559, 2293|4
17274|25405|17274, 4416, 23939, 1000, 23344, 10956, 25405|6
17274|17683|17274, 4416, 3630, 8768, 23038, 11231, 17683|6
17274|21152|17274, 4416, 25006, 1588, 23967, 4364, 13404, 21152|7
17274|17158|17274, 4416, 25006, 13929, 12130, 11077, 17158|6
17274|8134|17274, 4416, 9889, 17655, 4952, 8134|5
17274|9417|17274, 4416, 13142, 24001, 16994, 9417|5
17274|20030|17274, 4416, 23939, 13801, 16647, 8511, 20030|6
17274|16654|17274, 4416, 25006, 8972, 12968, 20574, 16654|6
17274|2243|17274, 4416, 21798, 24293, 5385, 9090, 2243|6
17274|9913|17274, 4416, 23939, 1000, 22644, 14952, 15971, 9913|7
17274|23552|17274, 4416, 25006, 13929, 23552|4
17274|9397|17274, 4416, 14344, 9755, 9397|4
17274|1498|17274, 4416, 23939, 5901, 3547, 1498|5
17274|14662||Inf
17274|4301|17274, 4416, 23939, 5901, 4301|4
17274|15938|17274, 4416, 25006, 13929, 11400, 15938|5
17274|1836||Inf
17274|23161|17274, 4416, 25006, 13096, 10762, 13847, 10871, 19517, 23161|8
17274|16696|17274, 4416, 23939, 23107, 11964, 16696|5
17274|19246|17274, 4416, 23939, 1000, 20716, 19246|5
17274|1059|17274, 4416, 25006, 13929, 23805, 23529, 1059|6
17274|3748||Inf
17274|19014||Inf
17274|18790|17274, 4416, 17187, 24559, 7383, 18790|5
17274|11284|17274, 4416, 23939, 19297, 4241, 10476, 11284|6
17274|88|17274, 4416, 23939, 13801, 1488, 7444, 88|6
17274|23424||Inf
17274|2443|17274, 4416, 9889, 16906, 2443|4
17274|18399|17274, 4416, 13142, 14924, 15959, 6154, 18399|6
17274|5542|17274, 4416, 23939, 13801, 14746, 11861, 5542|6
17274|19450|17274, 4416, 23939, 1000, 20716, 1727, 22848, 6878, 11528, 19450|9
17274|21287|17274, 4416, 25006, 7264, 21287|4
17274|14096||Inf
17274|11828||Inf
17274|12287|17274, 4416, 13142, 7307, 15455, 12287|5
17274|15907|17274, 4416, 13142, 6408, 5835, 7245, 14690, 15907|7
17274|12491|17274, 4416, 23939, 23107, 19865, 12491|5
17274|12868|17274, 4416, 25006, 12545, 5302, 10983, 12868|6
17274|13388|17274, 4416, 25006, 7264, 12286, 12739, 13388|6
17274|26022||Inf
17274|21929|17274, 4416, 25006, 13276, 22366, 21929|5
17274|12312|17274, 4416, 2155, 13346, 12312|4
17274|4432||Inf
17274|4868|17274, 4416, 25006, 13096, 15108, 25056, 4868|6
17274|2984||Inf
17274|6158|17274, 4416, 13142, 7307, 9017, 6158|5
17274|17189|17274, 4416, 23939, 19297, 9124, 25931, 17189|6
17274|3068|17274, 4416, 9889, 9184, 25034, 17228, 3996, 3068|7
17274|4262||Inf
17274|11461|17274, 4416, 9889, 2741, 18208, 11461|5
17274|16226||Inf
17274|2304||Inf
17274|10638||Inf
17274|23916||Inf
17274|18586|17274, 4416, 9889, 17655, 4952, 16162, 25540, 18586|7
17274|12113||Inf
17274|17308|17274, 4416, 25006, 4550, 17308|4
17274|2352|17274, 4416, 25006, 13096, 10762, 22336, 22502, 2352|7
17274|11607|17274, 4416, 23939, 19297, 4241, 21771, 10931, 11607|7
17274|14559|17274, 4416, 3618, 21125, 14559|4
17274|16922||Inf
17274|4836|17274, 4416, 9889, 9184, 25034, 851, 9593, 4836|7
17274|17825|17274, 4416, 25006, 12545, 22147, 17825|5
17274|17692|17274, 4416, 9889, 21012, 17692|4
17274|15386||Inf
17274|11502|17274, 4416, 9889, 17655, 22457, 17612, 11502|6
17274|21158|17274, 4416, 9889, 2741, 18866, 896, 21158|6
17274|21830|17274, 4416, 2155, 20122, 14265, 22074, 21830|6
17274|23770|17274, 4416, 25006, 13276, 23770|4
17274|8824|17274, 4416, 25006, 20478, 18487, 8824|5
17274|22609|17274, 4416, 25006, 13740, 19489, 13955, 22609|6
17274|21508|17274, 4416, 9889, 21012, 21508|4
17274|20379||Inf
17274|3685|17274, 4416, 25006, 12545, 3310, 1058, 3685|6
17274|11231|17274, 4416, 3630, 8768, 23038, 11231|5
17274|16483|17274, 4416, 25006, 13096, 14599, 12806, 17731, 15357, 16483|8
17274|7206|17274, 4416, 23939, 1000, 22644, 24924, 7206|6
17274|351|17274, 4416, 2155, 20122, 14265, 3939, 351|6
17274|15933|17274, 4416, 25006, 13276, 11696, 18453, 15933|6
17274|18154|17274, 4416, 25006, 12545, 5302, 10983, 18154|6
17274|11112|17274, 4416, 23939, 1000, 5107, 14864, 11112|6
17274|19682|17274, 4416, 25006, 13096, 14599, 13624, 19682|6
17274|1058|17274, 4416, 25006, 12545, 3310, 1058|5
17274|16262|17274, 4416, 9889, 2741, 18208, 16262|5
17274|8879|17274, 4416, 3618, 14807, 8879|4
17274|20341|17274, 4416, 23939, 1000, 14485, 12334, 8254, 20341|7
17274|25844|17274, 4416, 17187, 24559, 2501, 6804, 25844|6
17274|1497|17274, 4416, 23939, 13801, 7563, 6724, 1497|6
17274|19011||Inf
17274|21949||Inf
17274|25444||Inf
17274|9597|17274, 4416, 25006, 12545, 676, 11746, 9597|6
17274|11642||Inf
17274|19808|17274, 4416, 9889, 21012, 6610, 19870, 19808|6
17274|11318|17274, 4416, 25006, 13929, 11400, 11318|5
17274|1490||Inf
17274|16039|17274, 4416, 25006, 1588, 18540, 10791, 16039|6
17274|15625|17274, 4416, 17187, 24559, 7383, 15625|5
17274|2420|17274, 4416, 14344, 9755, 5621, 2420|5
17274|20333||Inf
17274|22746|17274, 4416, 9889, 17655, 4952, 21089, 16177, 22746|7
17274|15516|17274, 4416, 13142, 15880, 3804, 6218, 4793, 15516|7
17274|18210|17274, 4416, 14344, 9755, 21281, 18210|5
17274|19216|17274, 4416, 14344, 9755, 19216|4
17274|11227|17274, 4416, 13142, 19657, 2072, 11227|5
17274|23226||Inf
17274|18245||Inf
17274|17294|17274, 4416, 2155, 20122, 14265, 17626, 17294|6
17274|8887||Inf
17274|23945|17274, 4416, 23939, 19297, 9124, 23945|5
17274|2475|17274, 4416, 25006, 13096, 14599, 12135, 2475|6
17274|21221||Inf
17274|6629|17274, 4416, 17187, 24559, 14615, 1217, 9974, 6629|7
17274|10656|17274, 4416, 25006, 13929, 21994, 10656|5
17274|12419|17274, 4416, 17187, 24559, 14615, 1217, 19877, 12419|7
17274|18784|17274, 4416, 9889, 17655, 22457, 3066, 10726, 18784|7
17274|2991|17274, 4416, 23939, 1000, 14485, 8851, 2991|6
17274|10561||Inf
17274|24207||Inf
17274|16957||Inf
17274|18894|17274, 4416, 9889, 2741, 18894|4
17274|8128|17274, 4416, 23939, 1000, 5107, 10996, 8128|6
17274|19583||Inf
17274|21438|17274, 4416, 25006, 1588, 15814, 19107, 9710, 21438|7
17274|21379|17274, 4416, 3630, 8768, 21379|4
17274|4354|17274, 4416, 14344, 9755, 9397, 4354|5
17274|14497|17274, 4416, 25006, 13276, 11182, 6575, 14497|6
17274|5632||Inf
17274|14345|17274, 4416, 3618, 14807, 25758, 12637, 12187, 24240, 14345|8
17274|13932||Inf
17274|283|17274, 4416, 13142, 14924, 15959, 283|5
17274|8628||Inf
17274|16101|17274, 4416, 23939, 1000, 16101|4
17274|8408|17274, 4416, 25006, 13276, 23770, 8408|5
17274|1561|17274, 4416, 25006, 5807, 2710, 13989, 1561|6
17274|12751||Inf
17274|19060|17274, 4416, 25006, 13276, 7689, 11791, 19060|6
17274|22894|17274, 4416, 3618, 14807, 4164, 2239, 22894|6
17274|19923|17274, 4416, 9889, 21012, 9785, 22527, 19923|6
17274|8222|17274, 4416, 25006, 5807, 8222|4
17274|19956||Inf
17274|7844|17274, 4416, 9889, 17655, 12365, 7844|5
17274|20808|17274, 4416, 3630, 8768, 23038, 9306, 9082, 23896, 20808|8
17274|10499|17274, 4416, 25006, 20478, 22917, 23114, 26065, 13029, 5629, 10499|9
17274|7999|17274, 4416, 25006, 1588, 15814, 19107, 3345, 7999|7
17274|17782||Inf
17274|2009|17274, 4416, 9889, 18579, 2009|4
17274|18942|17274, 4416, 13142, 14924, 18408, 6583, 18942|6
17274|23471||Inf
17274|4442|17274, 4416, 9889, 12675, 4442|4
17274|26044|17274, 4416, 25006, 13096, 20827, 4896, 26044|6
17274|10381|17274, 4416, 9889, 18736, 10381|4
17274|20597|17274, 4416, 23939, 19297, 20597|4
17274|23420|17274, 4416, 20902, 20924, 12101, 23420|5
17274|16718|17274, 4416, 25006, 20478, 22917, 23114, 26065, 13029, 5629, 16718|9
17274|2350|17274, 4416, 23939, 1000, 23344, 10956, 2350|6
17274|12160|17274, 4416, 3630, 8768, 23038, 9306, 12160|6
17274|12149|17274, 4416, 3630, 8768, 12149|4
17274|24470|17274, 4416, 23939, 1000, 2115, 18443, 24470|6
17274|25440|17274, 4416, 23939, 1000, 23344, 20089, 24412, 25440|7
17274|17875|17274, 4416, 14344, 9755, 1653, 17875|5
17274|20519|17274, 4416, 25006, 13929, 12130, 11077, 20519|6
17274|18972|17274, 4416, 23939, 19297, 9124, 1658, 6023, 18972|7
17274|24332|17274, 4416, 9889, 18736, 20373, 4422, 24332|6
17274|5402|17274, 4416, 13142, 14924, 15959, 18297, 5402|6
17274|9755|17274, 4416, 14344, 9755|3
17274|1322|17274, 4416, 25006, 13276, 22778, 6638, 1322|6
17274|8195|17274, 4416, 13142, 19657, 2072, 8195|5
17274|25496||Inf
17274|11405|17274, 4416, 25006, 13929, 11400, 11405|5
17274|71|17274, 4416, 17187, 24559, 24814, 3316, 71|6
17274|10966|17274, 4416, 13142, 15880, 3804, 6857, 24781, 10966|7
17274|12016|17274, 4416, 23939, 1000, 12016|4
17274|1350|17274, 4416, 25006, 13276, 7689, 5993, 1350|6
17274|20587|17274, 4416, 25006, 13096, 23614, 3501, 20587|6
17274|4642|17274, 4416, 14344, 9755, 23382, 18109, 4642|6
17274|23863|17274, 4416, 9889, 17655, 4952, 23863|5
17274|8116|17274, 4416, 9889, 16906, 8116|4
17274|24371|17274, 4416, 13142, 14003, 24371|4
17274|12498|17274, 4416, 2155, 20122, 14265, 12498|5
17274|21203|17274, 4416, 25006, 20478, 22917, 23114, 26065, 21203|7
17274|8398|17274, 4416, 25006, 13276, 22778, 13614, 19084, 8398|7
